ID_CLIENTE	SCORE_CREDITO	VALOR_TOTAL_ATRASOS_12M	QTD_CONSULTAS_CREDITO_12M	RENDIMENTO_MEDIO_12M	TEMPO_TRABALHO	IDADE	QTD_DEPENDENTES	LIMITE_INICIAL_CARTAO
0001	79	0	2	9350	15	37	0	9700
0002	73	3195,52	1	2010	17	22	0	1400
0003	80	0	3	15660	16	57	2	9800
0004	77	0	1	18640	11	33	0	8300
0005	89	0	1	7550	15	21	1	11700
0006	68	4635,26	3	2300	9	27	0	1000
0007	86	0	1	4950	9	24	1	8400
0008	80	0	1	9230	18	38	1	4700
0009	70	1750,38	1	7050	20	43	1	3000
0010	81	1345,54	3	7780	15	25	0	6300
0011	75	194,01	3	9950	17	38	2	4600
0012	79	2656,64	4	7610	14	48	1	7300
0013	81	2485,59	3	6930	18	35	0	7600
0014	84	1325,83	5	3960	12	35	0	7700
0015	78	0	3	5200	10	39	1	4200
0016	83	0	2	5860	17	27	1	6300
0017	84	0	2	9730	21	20	2	10800
0018	83	0	2	2490	18	38	2	6000
0019	78	0	3	9310	10	28	2	6100
0020	68	1000,06	2	9500	9	31	2	3800
0021	75	0	3	6740	11	22	2	4200
0022	90	0	1	25090	17	52	1	16500
0023	83	0	2	5080	18	37	1	5900
0024	80	0	1	4080	8	33	1	4100
0025	77	1402,04	2	14180	8	28	2	6400
0026	84	0	2	8630	15	60	1	8000
0027	75	0	2	6260	8	30	1	5400
0028	71	1668,24	3	4090	16	23	1	1300
0029	81	0	1	10230	12	23	1	10200
0030	67	3274,41	2	13140	15	39	1	4400
0031	73	687,71	2	17770	16	39	1	7700
0032	68	1273,86	2	9940	11	34	0	3900
0033	91	0	2	14270	9	27	1	12500
0034	86	581,79	3	3050	21	31	2	5500
0035	72	1067,18	3	14520	13	27	2	4900
0036	71	0	2	14250	10	21	1	4700
0037	67	3415,49	3	5260	17	26	1	1300
0038	71	715,17	2	2410	20	32	1	1000
0039	64	3434,31	4	8160	7	32	1	1000
0040	75	4245,67	2	2250	17	32	0	3000
0041	78	0	2	13800	6	53	1	7600
0042	79	0	3	9560	14	54	0	5100
0043	87	253,35	2	18400	26	58	0	14500
0044	76	2682,09	4	10900	11	36	0	6000
0045	68	4769,27	2	10650	21	30	3	6000
0046	78	402,34	2	7650	19	33	2	6500
0047	65	1729,68	2	7040	21	21	1	2500
0048	71	1738,21	2	7850	13	57	0	4700
0049	71	890,35	3	8570	11	32	2	5000
0050	65	3572,41	2	6570	20	35	1	1500
0051	79	0	2	5010	10	57	1	4800
0052	81	0	3	4890	9	42	1	7100
0053	70	2777,77	2	910	8	44	2	3100
0054	81	444,65	2	7830	2	28	2	6600
0055	65	2148,31	3	13640	17	41	1	3300
0056	79	1858,76	3	4960	19	29	1	3000
0057	86	2601,58	2	9990	12	31	2	9400
0058	86	0	2	9470	17	36	2	10700
0059	87	0	1	25570	13	29	0	15100
0060	85	0	3	390	15	38	0	3700
0061	89	0	1	17850	14	25	2	12300
0062	75	2814,33	2	4950	7	62	0	6800
0063	80	0	2	16120	16	31	1	10100
0064	95	0	1	16830	22	51	1	17500
0065	81	809,69	2	8490	16	34	0	7700
0066	77	6016,53	2	9090	18	32	2	7700
0067	80	1294,46	2	11200	19	52	3	8300
0068	85	0	1	17720	17	24	0	14400
0069	71	3052,84	2	6600	11	40	1	4300
0070	84	0	2	16940	22	26	2	14600
0071	88	0	1	8740	15	29	1	11400
0072	80	336,21	2	14810	22	29	0	8200
0073	80	440,25	3	16630	16	24	2	8600
0074	74	482,41	2	7000	13	55	0	6500
0075	82	0	3	7150	14	40	2	7600
0076	84	0	1	5090	19	23	0	9600
0077	93	0	1	14220	20	60	0	16900
0078	82	809,95	2	8750	13	23	1	9500
0079	76	1729,52	3	1550	17	30	3	2700
0080	64	1283,81	1	9310	21	29	1	2700
0081	77	64,26	1	9010	18	30	1	6700
0082	79	0	3	8140	16	38	1	6600
0083	81	0	2	9050	9	23	1	8100
0084	78	0	2	13770	9	29	0	8200
0085	71	2356,18	3	8520	8	62	1	5000
0086	82	2213,34	4	12070	21	32	0	9400
0087	74	0	1	20250	24	44	0	10000
0088	82	0	2	9420	22	41	0	9900
0089	85	0	1	13830	10	39	1	9600
0090	67	1732,08	2	19550	20	38	1	5900
0091	73	0	1	5990	15	39	1	6600
0092	71	1259,82	3	5190	18	44	2	3000
0093	76	2383,11	3	21790	16	19	2	10300
0094	84	0	2	10000	16	60	2	7200
0095	88	0	1	13270	18	33	1	12000
0096	81	0	1	17830	23	56	2	9100
0097	72	0	1	6340	13	52	2	4000
0098	86	0	2	6120	13	40	3	7900
0099	59	759,77	2	8980	21	23	1	1000
0100	93	0	1	7630	5	35	1	13000
0101	79	0	1	11320	18	29	0	12700
0102	90	0	1	27970	23	29	1	15400
0103	86	0	4	18800	14	58	2	12700
0104	80	32,78	3	3770	22	34	1	5100
0105	79	0	2	9670	14	30	1	7400
0106	79	521,8	3	9640	11	31	0	6900
0107	74	0	2	4630	11	56	0	4600
0108	87	635,43	2	8820	14	22	1	9300
0109	77	0	3	4300	11	59	1	3700
0110	80	0	2	10270	14	37	0	5600
0111	83	0	2	12990	12	30	1	8300
0112	77	0	2	9850	19	19	2	6600
0113	80	2071,1	2	12750	13	45	3	8500
0114	79	579,2	2	6350	16	40	1	3900
0115	75	1884,06	3	7220	14	35	0	5000
0116	87	0	2	3090	25	36	1	10100
0117	74	0	2	10120	23	19	1	7500
0118	87	651,37	2	16190	18	26	1	11600
0119	62	716,94	2	10730	7	34	3	2500
0120	80	2161,66	1	8160	20	19	0	9000
0121	83	0	2	15570	14	57	0	7300
0122	83	12,14	2	10070	11	43	0	9100
0123	73	0	2	14340	19	41	1	6500
0124	79	2274,71	3	10520	11	31	1	6400
0125	81	0	1	23320	25	61	0	14300
0126	81	0	1	11280	22	41	1	8400
0127	90	0	2	29860	20	44	2	14900
0128	77	603,15	2	15110	14	33	1	9900
0129	79	0	2	5190	8	25	1	6000
0130	67	1515,73	3	6660	16	36	0	1300
0131	73	0	1	3830	14	35	2	3800
0132	85	0	1	4730	13	22	1	8000
0133	90	0	2	9140	13	24	2	12200
0134	78	0	2	12030	17	32	1	8500
0135	75	2685,58	2	3340	14	40	1	4200
0136	86	0	2	20350	9	53	0	12700
0137	54	4130,93	3	16660	18	19	1	1100
0138	76	2034,73	2	13520	13	24	1	7400
0139	73	2030,63	2	16120	16	44	1	7100
0140	68	6278,42	3	6510	12	31	0	1500
0141	86	0	2	16950	20	36	1	12400
0142	74	2550,35	4	18150	18	21	1	7600
0143	81	0	2	6540	13	27	1	6000
0144	92	0	1	11170	14	33	1	11100
0145	81	797,84	2	29700	16	21	3	12600
0146	84	0	2	7560	12	42	1	6900
0147	86	0	1	6740	15	62	0	8600
0148	88	140,32	1	5740	15	38	2	9300
0149	87	0	2	19360	20	32	1	15400
0150	84	322,64	2	6990	17	62	2	9500
0151	87	34	2	8260	19	47	2	9100
0152	78	0	2	8780	24	32	2	7900
0153	83	1434,05	3	11670	9	26	1	8700
0154	87	638,7	2	7180	15	36	1	9700
0155	88	0	2	21960	18	28	1	14800
0156	70	1888,83	2	9250	12	27	1	4500
0157	82	964,75	2	15690	10	23	1	11100
0158	92	0	2	13710	21	36	1	15100
0159	75	0	3	13660	12	19	1	7400
0160	72	5045,54	2	7960	14	31	1	6000
0161	77	0	2	870	11	28	1	5300
0162	73	0	2	10080	17	27	0	4800
0163	74	0	2	10550	6	37	1	2900
0164	79	0	2	5150	9	34	1	6100
0165	77	575,15	3	8970	22	27	1	4200
0166	84	1179,57	3	10230	14	35	1	8200
0167	78	0	2	15970	15	58	0	10000
0168	81	0	2	7470	25	20	2	9000
0169	93	0	1	15500	16	31	2	16500
0170	80	0	2	15080	7	45	2	7900
0171	80	0	4	18460	10	18	1	8800
0172	93	0	1	10290	14	59	1	12500
0173	89	0	2	17700	24	31	1	14600
0174	77	0	2	11720	12	30	1	7200
0175	80	1051,16	2	10000	11	61	0	7500
0176	66	1708,51	2	3620	10	30	1	1000
0177	86	0	1	11610	22	27	1	11300
0178	74	0	1	5530	7	32	2	2500
0179	76	1989,96	3	6710	10	19	1	3700
0180	90	0	1	26360	24	24	1	19400
0181	75	0	1	13150	19	23	0	5900
0182	83	0	2	6030	20	41	1	5600
0183	59	4863,4	5	3750	10	25	0	1000
0184	74	0	3	13950	20	26	2	7400
0185	88	0	2	11830	17	57	3	10700
0186	88	0	4	15380	16	30	3	11200
0187	89	0	1	6510	18	24	1	10300
0188	89	0	1	20790	21	39	2	16600
0189	83	0	1	23090	11	40	1	13500
0190	83	482,37	2	5850	9	26	1	5600
0191	87	0	2	11670	19	60	0	12100
0192	76	0	2	15380	6	26	1	9100
0193	72	3467,35	2	10360	19	30	1	8500
0194	57	6047,97	4	3540	4	21	0	1000
0195	73	0	2	7830	6	23	0	3900
0196	85	0	1	8940	14	35	0	10200
0197	94	0	1	12850	23	44	2	15900
0198	77	0	2	16370	19	62	0	11300
0199	83	0	2	10810	16	24	0	9000
0200	74	388,5	2	3760	10	52	2	4200
0201	83	0	3	12520	15	38	0	8800
0202	72	2687,68	4	7900	1	36	1	2500
0203	78	2295,55	2	22980	17	39	0	12400
0204	85	436,78	2	14310	20	30	0	11300
0205	79	0	2	14610	6	25	0	9300
0206	81	0	2	17290	18	55	0	8000
0207	82	0	1	7420	21	36	1	6700
0208	86	1591,87	2	23000	19	42	0	12800
0209	88	0	1	15020	18	36	5	13600
0210	85	0	2	14340	18	24	2	12500
0211	76	2524,43	2	9420	28	22	0	8600
0212	74	3807,22	1	830	19	29	1	2400
0213	86	0	3	16880	10	29	1	10800
0214	81	415,35	3	9290	14	34	0	6700
0215	91	0	2	14030	19	42	1	12800
0216	73	4342,5	3	6390	7	41	0	3800
0217	82	0	2	8690	5	34	1	6700
0218	82	0	1	5890	13	19	1	6000
0219	79	1070,23	2	13010	13	21	1	8200
0220	80	0	3	7250	8	18	3	5800
0221	73	914,03	3	16030	15	41	2	9000
0222	89	0	2	6710	16	59	1	10400
0223	83	0	2	17020	18	20	3	11800
0224	86	0	2	11350	14	32	1	14300
0225	94	0	1	15660	22	39	1	16900
0226	83	0	1	9660	24	34	2	9700
0227	80	0	2	11310	14	37	1	10500
0228	77	0	2	3470	15	27	1	4100
0229	93	0	1	16750	26	23	0	17700
0230	81	0	1	9580	22	58	2	8600
0231	76	2381,96	3	13570	15	29	1	5500
0232	88	0	2	4710	14	43	1	6400
0233	74	0	2	8670	18	32	3	2900
0234	79	0	2	3370	18	44	1	5900
0235	71	1243,77	3	8770	13	34	2	5400
0236	81	0	3	11130	16	32	2	9800
0237	84	0	3	20100	11	22	0	11600
0238	68	298,04	2	6350	13	32	2	2100
0239	44	16109,31	4	4930	10	20	0	1000
0240	80	0	3	9620	13	41	1	9000
0241	75	107,22	2	12430	16	20	1	7900
0242	81	0	2	16510	21	24	0	9500
0243	84	0	2	5820	16	42	1	7100
0244	82	0	3	11080	16	23	2	9000
0245	75	1065,69	2	5270	10	41	1	3100
0246	80	1820,13	2	23270	22	28	1	12300
0247	87	0	1	8170	14	26	1	11100
0248	83	0	3	9010	22	26	1	8200
0249	88	0	1	19080	14	39	1	13900
0250	79	0	1	7260	11	60	2	5800
0251	83	0	2	17110	11	60	1	8600
0252	85	0	2	4400	16	35	0	6200
0253	82	0	2	13430	15	43	0	10500
0254	90	0	1	7530	14	51	1	9600
0255	84	0	2	8420	15	38	1	9500
0256	89	0	3	10950	12	38	0	12200
0257	74	113,11	3	3880	12	41	0	3900
0258	77	0	2	3910	19	23	0	5200
0259	84	0	2	22710	24	28	1	16600
0260	71	0	3	9360	7	31	1	3300
0261	82	1375,83	2	21810	9	29	2	12700
0262	86	0	2	9530	9	45	1	9500
0263	84	0	1	12650	17	42	2	10600
0264	78	4168,79	3	16590	17	45	1	8200
0265	80	1476,1	1	10260	17	42	2	8700
0266	77	2999,48	4	3220	9	41	1	2600
0267	74	207,15	2	16780	20	60	1	10800
0268	77	493,28	2	5330	12	36	1	5900
0269	80	0	1	7940	8	57	1	4300
0270	68	2547,02	2	7750	14	31	0	4100
0271	82	0	1	11200	11	35	0	9300
0272	83	0	2	16990	12	23	1	8100
0273	84	2521,27	2	13260	2	44	2	8700
0274	93	0	1	9060	21	33	2	12200
0275	80	0	1	7110	19	26	1	8200
0276	86	1518,64	2	14430	25	36	2	13300
0277	92	0	2	18460	23	34	0	13600
0278	73	3575,7	2	11820	16	42	1	6300
0279	91	0	2	8000	18	40	0	12500
0280	86	0	2	13140	21	46	1	13000
0281	79	451,17	2	14690	12	27	2	7300
0282	88	0	2	7570	11	21	1	8800
0283	70	2642,88	3	13460	9	46	1	6000
0284	76	312,09	1	18620	16	26	1	10200
0285	77	168,88	3	11140	7	34	2	5200
0286	83	0	1	10920	25	38	1	10200
0287	74	2589,19	4	18380	8	60	1	8800
0288	80	0	1	5710	16	35	1	7600
0289	83	568,55	3	3700	9	22	1	4600
0290	76	3378,09	2	16560	16	21	1	8900
0291	65	1221,27	2	7310	7	56	2	2000
0292	78	0	1	6360	12	59	1	6600
0293	85	0	1	10050	20	21	3	11900
0294	82	840,24	2	14950	11	59	3	9500
0295	71	5222,81	3	8470	7	41	4	4100
0296	69	1248,17	2	13260	11	21	2	5500
0297	90	139,98	1	12310	23	28	1	12600
0298	92	0	1	10140	13	35	1	14500
0299	66	3344,33	3	11410	16	42	0	6000
0300	74	0	2	12470	13	47	1	4500
0301	90	0	3	5730	17	61	1	9500
0302	83	0	2	8620	12	31	2	10200
0303	75	1734,53	3	11260	15	46	2	7000
0304	79	0	3	3630	9	41	0	2400
0305	83	0	2	8290	10	35	1	7400
0306	81	60,34	1	20090	20	34	1	13100
0307	67	848,64	1	13290	24	52	1	7300
0308	69	33,65	2	12830	11	42	1	5700
0309	71	0	3	9180	21	24	0	5100
0310	90	0	1	12520	17	29	0	13400
0311	83	0	3	6990	10	19	2	7500
0312	86	0	2	8910	17	28	1	10000
0313	89	0	2	16460	21	27	1	15200
0314	84	51,81	2	10970	17	62	2	11300
0315	76	1370,62	2	5190	21	38	0	6000
0316	78	620,05	2	14830	11	38	2	10900
0317	72	3388,94	2	15670	16	48	0	7300
0318	89	0	3	15790	21	40	2	14100
0319	74	380,51	2	17730	13	34	1	7200
0320	87	0	1	13530	24	50	1	11400
0321	63	1327,87	2	15950	20	20	2	4700
0322	80	0	3	3810	11	36	1	5000
0323	76	642	2	16560	19	26	1	8200
0324	75	323,09	3	10200	21	57	1	4000
0325	66	1944,33	2	8180	3	28	1	2600
0326	79	117,62	1	8300	18	35	1	6700
0327	81	1513,97	2	3120	12	34	1	4200
0328	83	0	1	12950	19	29	0	12100
0329	74	1144,19	3	4800	20	31	0	3900
0330	83	0	2	21840	16	30	2	13500
0331	79	1254,63	2	3760	16	21	1	3900
0332	86	0	2	11930	10	22	1	8700
0333	87	0	2	10910	16	33	2	11200
0334	76	113,51	2	8300	11	47	3	5800
0335	79	0	2	13150	25	31	0	10100
0336	81	375,79	2	9740	12	53	2	8300
0337	73	1644,69	3	7150	12	21	0	3700
0338	84	1033,15	3	7260	13	33	0	10100
0339	90	0	1	8780	21	32	1	11900
0340	73	1207,23	1	9090	17	28	2	7300
0341	72	411,01	3	9480	17	39	2	2800
0342	81	838,77	2	8480	15	62	0	7700
0343	89	0	3	14020	7	29	0	11700
0344	89	0	2	8900	16	30	1	8400
0345	90	0	2	5820	13	39	0	7600
0346	80	0	2	4640	17	22	2	8300
0347	85	0	2	16010	21	47	0	12000
0348	74	2841,95	3	15730	10	41	2	7800
0349	64	4931,36	5	7930	6	40	1	2700
0350	83	1062,27	2	2390	15	41	2	5600
0351	77	0	2	7220	13	28	2	3600
0352	63	3907,42	4	9650	1	50	1	1100
0353	81	0	2	14320	20	33	0	7300
0354	72	1868,93	2	10870	9	45	0	6400
0355	74	0	2	15250	13	25	1	7100
0356	69	4298,96	4	7280	16	23	1	3400
0357	89	332,3	4	15350	16	30	1	13100
0358	87	0	1	17540	27	32	2	13400
0359	80	2132,03	3	7260	13	27	1	3800
0360	87	0	2	1650	13	37	2	6700
0361	93	0	1	21170	14	42	1	17600
0362	88	0	2	9830	17	22	2	13400
0363	98	0	1	7920	16	33	1	15500
0364	83	1762,26	2	7050	23	31	1	7800
0365	82	1992,98	2	9210	21	19	2	6800
0366	78	0	2	5840	12	44	3	3300
0367	88	0	1	14480	17	34	1	11800
0368	76	2480,66	3	5710	9	41	0	4800
0369	83	0	1	7060	18	25	3	6600
0370	84	946,45	2	6830	20	28	0	8000
0371	96	0	2	13390	22	28	2	18300
0372	76	1136,76	3	14460	10	36	0	8600
0373	71	3560,62	4	11020	10	32	1	3500
0374	79	0	2	9190	20	44	1	6000
0375	76	1531,76	3	15090	22	27	0	9700
0376	75	1376,34	3	9530	11	28	2	6600
0377	81	0	2	3870	21	22	2	5600
0378	78	0	2	7580	12	27	0	4700
0379	78	0	3	6030	11	26	1	4100
0380	80	0	2	12920	14	48	2	9500
0381	83	304,88	2	5370	14	19	1	6900
0382	62	3020,13	2	1690	17	40	1	1000
0383	54	2192,39	3	1020	15	42	2	1000
0384	78	2757,78	3	9350	18	21	1	9000
0385	88	0	1	14520	24	23	0	12600
0386	87	0	2	13750	15	26	1	11000
0387	88	0	1	14590	17	36	1	12000
0388	84	0	2	17630	15	26	0	13200
0389	82	1227,23	2	12620	18	19	0	9600
0390	75	3266,33	3	6460	4	41	1	4800
0391	79	2949,05	2	21900	17	31	4	11800
0392	85	0	2	12950	25	18	1	12800
0393	52	6547,06	6	2650	9	38	1	1000
0394	71	3718,5	3	10700	20	28	1	6600
0395	92	404,23	1	13310	12	31	2	14000
0396	87	0	2	7340	14	25	2	8000
0397	83	0	1	12210	20	39	2	8800
0398	86	0	2	14270	12	23	0	10300
0399	86	0	1	13430	14	28	1	6300
0400	86	66,31	2	11860	8	41	1	8400
0401	73	268,72	2	7330	6	45	1	4800
0402	69	2157,32	3	9870	15	23	0	2000
0403	80	1961,93	2	13420	16	33	1	11300
0404	79	0	2	9580	4	62	1	5500
0405	76	1003,57	2	3510	13	25	1	3400
0406	84	0	2	11630	4	38	1	10200
0407	90	0	4	8060	13	62	0	9000
0408	88	0	1	11660	17	31	0	13700
0409	76	797,95	3	960	20	31	1	2500
0410	74	3893,38	2	13640	14	36	2	10000
0411	81	0	2	8260	13	22	2	6800
0412	68	2609,04	3	10870	12	24	0	2600
0413	80	0	2	5260	19	41	1	4700
0414	73	1544,61	2	6240	18	25	1	4100
0415	66	3348,6	4	3450	15	32	1	1000
0416	80	1309,86	2	6160	23	40	0	6000
0417	75	2348,07	2	12070	10	24	2	7900
0418	88	832,94	2	10750	25	31	0	14100
0419	80	1337,45	3	7260	16	29	1	5800
0420	86	0	2	8530	16	62	2	11300
0421	79	0	2	6370	16	26	2	6800
0422	75	1063,45	2	4990	8	47	1	2300
0423	86	0	2	5500	18	44	0	8200
0424	76	347,22	2	7290	19	30	1	8400
0425	81	0	2	12430	7	58	1	9900
0426	86	0	2	13580	19	38	1	10800
0427	81	1886,99	1	6580	15	19	2	9700
0428	90	0	1	7970	27	27	1	13400
0429	80	169,38	2	9840	18	20	1	8300
0430	79	3263,2	2	5070	7	29	1	3800
0431	84	0	2	11460	16	30	1	11600
0432	67	4695,17	4	17620	12	22	2	6200
0433	64	4609,37	3	9270	10	35	0	1400
0434	80	753,73	2	4960	14	20	1	3400
0435	76	3756,26	2	10330	15	34	1	6000
0436	69	452,09	2	6200	19	22	2	4000
0437	92	0	1	7330	17	33	3	13300
0438	88	0	2	21580	23	32	1	15000
0439	84	0	2	14330	15	59	1	10300
0440	73	1306,97	3	6040	11	27	2	4000
0441	81	0	2	8920	12	20	3	6800
0442	82	559,71	2	16080	14	23	1	12900
0443	74	1252,27	1	11570	17	34	1	7000
0444	79	1757,42	2	15960	16	22	1	10400
0445	72	945,18	3	8480	11	35	2	5900
0446	72	2296,03	3	7580	11	26	1	4500
0447	87	0	1	8610	26	38	3	12100
0448	81	0	2	12010	19	38	2	8100
0449	76	231,15	1	5610	18	44	0	4200
0450	85	0	2	1860	21	66	1	6000
0451	88	0	1	25140	20	32	2	16700
0452	77	861,42	2	17360	18	36	0	11500
0453	90	0	2	20470	9	40	0	14200
0454	82	0	1	17040	22	44	1	12800
0455	75	457,85	3	8510	20	41	1	6700
0456	88	0	1	3960	19	62	3	9800
0457	80	105,17	2	4920	10	31	1	4800
0458	68	747,47	3	3460	11	40	1	2900
0459	75	1267,57	3	6550	4	43	0	5200
0460	77	296,62	2	11690	17	27	1	6600
0461	83	0	1	33200	13	31	1	15300
0462	80	1170,24	3	15870	18	55	1	10400
0463	70	1627,57	2	8220	9	20	0	7100
0464	74	373,18	1	18060	11	49	3	9700
0465	87	0	2	12370	12	20	2	10300
0466	76	1617,89	3	6710	6	41	2	4700
0467	68	3811,79	2	9460	16	25	3	5400
0468	68	4590,87	3	6300	11	29	1	1000
0469	73	562,5	3	6170	9	29	1	2000
0470	75	2049,29	3	8760	16	24	2	5200
0471	81	146,85	3	16280	10	62	2	5800
0472	91	0	1	10150	19	40	1	13100
0473	83	0	1	15460	22	20	1	10700
0474	85	480,4	2	14260	7	28	0	12900
0475	71	1938,15	2	12350	15	28	0	6700
0476	77	0	2	13480	9	40	0	6800
0477	86	1034,49	2	16430	8	25	1	12600
0478	80	108,21	4	13960	8	35	3	8800
0479	88	0	1	9050	14	31	1	11900
0480	91	0	1	4970	17	27	2	9400
0481	70	2046,84	3	9960	11	36	0	5600
0482	74	0	2	5780	16	60	0	2900
0483	88	0	1	13080	10	30	1	12400
0484	72	2181,2	4	7890	3	27	2	4400
0485	86	0	1	8520	13	34	2	6300
0486	79	0	2	13740	13	20	3	9300
0487	100	0	2	38580	17	34	2	24200
0488	61	6044,71	2	260	6	21	1	1000
0489	78	633,35	3	5060	14	28	0	4600
0490	78	0	2	18190	19	35	2	8800
0491	84	0	1	14980	31	33	0	12800
0492	80	0	1	10160	18	22	1	9100
0493	76	3977,22	3	3890	15	50	1	3900
0494	88	0	1	15140	28	40	2	15400
0495	67	1970,47	3	1610	11	34	3	1900
0496	67	2188,11	3	10550	16	35	0	4800
0497	79	1610,25	2	20190	10	37	2	10000
0498	95	0	1	10440	20	49	2	14300
0499	87	880,56	2	14460	15	32	0	12300
0500	82	0	2	11380	23	33	4	10900
0501	91	0	1	15900	19	32	1	16700
0502	88	0	2	9280	18	25	1	12700
0503	72	2905,89	3	8080	12	29	1	4100
0504	87	0	2	14460	18	27	0	9300
0505	75	645,38	3	15470	22	25	1	9600
0506	90	0	1	28710	17	37	1	15600
0507	79	0	2	8270	10	31	2	7900
0508	71	1193,57	3	2050	15	21	3	1000
0509	80	0	2	19600	10	29	1	9300
0510	84	0	1	6940	13	61	2	7700
0511	77	0	2	17850	11	23	0	6300
0512	74	1304,1	2	5020	12	34	0	4200
0513	74	2365,07	3	10570	16	38	1	6600
0514	82	511,26	3	13120	16	37	2	8800
0515	84	0	2	25270	12	34	1	14200
0516	84	663,28	2	7240	5	36	1	7800
0517	67	3027,3	2	19680	10	49	1	6700
0518	74	3569,93	5	30	6	23	2	1000
0519	83	0	2	7610	15	34	1	8500
0520	85	0	2	10690	17	49	2	9900
0521	84	0	1	22850	13	60	1	12400
0522	89	1562,63	1	15700	22	31	3	17600
0523	71	0	2	14830	15	31	0	6800
0524	85	0	1	15480	13	26	1	11200
0525	72	184,51	2	16140	19	61	2	7500
0526	80	0	2	6840	5	34	0	4600
0527	71	2649,94	3	10530	13	30	1	7900
0528	79	486,84	2	12790	8	61	2	6800
0529	82	0	2	15020	15	20	2	6800
0530	85	0	2	6810	13	32	1	6400
0531	78	0	1	8090	18	40	1	8000
0532	73	10,95	1	22680	10	25	1	9000
0533	82	0	2	12160	22	35	1	11400
0534	74	0	2	6990	17	19	1	6800
0535	92	0	2	15400	21	26	0	14000
0536	85	3452,44	2	14610	16	33	2	13500
0537	67	1330,13	2	6190	19	31	1	1000
0538	79	0	2	4770	13	58	0	4600
0539	76	0	2	18850	18	31	2	8400
0540	74	639,91	2	9270	20	49	1	4800
0541	81	0	1	9260	14	22	1	8500
0542	87	0	3	6900	19	47	2	8700
0543	88	0	2	15230	23	36	2	10700
0544	71	760,26	1	12140	10	51	2	3900
0545	79	0	2	10640	10	30	1	9700
0546	80	1216,69	2	9640	6	43	0	5500
0547	72	1488,57	3	9790	8	43	1	5000
0548	70	262,29	3	3620	10	32	1	1000
0549	79	0	1	8670	16	48	1	7100
0550	86	333,68	3	18710	19	25	1	12000
0551	79	4,94	2	19120	17	61	1	11500
0552	67	775,21	3	4070	14	40	2	3000
0553	75	0	2	4310	10	48	2	1500
0554	78	0	2	0	13	28	1	1000
0555	72	4605,9	2	8470	23	45	1	6500
0556	77	842,19	1	16300	6	31	0	9400
0557	85	0	2	14290	10	38	1	11900
0558	78	1591,78	3	7150	15	35	2	4900
0559	52	4550,44	3	3420	6	37	1	1000
0560	84	0	2	22050	17	33	2	11100
0561	85	0	2	12330	14	29	0	12600
0562	78	1479,95	3	11360	12	36	0	5500
0563	80	954,98	3	6840	4	58	1	5800
0564	80	1882,57	3	7980	16	41	1	10600
0565	79	0	2	13210	15	49	3	8000
0566	88	203,05	2	11500	20	21	2	10500
0567	93	0	2	15760	18	34	1	12800
0568	72	984,05	3	12260	11	59	2	5500
0569	85	0	2	5770	15	20	1	8500
0570	90	0	2	6780	24	21	1	8400
0571	75	1645,17	3	10670	8	23	1	5700
0572	76	0	2	12710	8	30	1	5600
0573	61	1090,15	2	1180	16	38	0	1000
0574	76	2,71	2	12950	19	25	0	10100
0575	75	161,11	2	7280	12	37	1	4400
0576	75	2630,12	3	9970	16	26	2	4300
0577	74	1059,78	3	8950	13	23	2	6000
0578	81	0	2	13280	25	28	2	8900
0579	71	759,39	4	0	13	25	1	1000
0580	77	752,72	1	4560	15	21	2	5400
0581	75	711,4	4	10900	8	22	1	6100
0582	72	3105,85	2	6490	13	21	1	4800
0583	81	0	3	22590	12	62	1	13000
0584	79	0	1	13090	16	29	1	7700
0585	77	0	1	3350	14	44	0	6100
0586	83	0	2	17340	11	21	3	10900
0587	73	0	2	9410	12	28	3	2200
0588	65	4893,56	4	13140	3	46	2	2300
0589	86	0	2	22400	19	27	1	14700
0590	77	1050,81	3	12980	20	39	2	8700
0591	71	654,95	2	11520	18	38	0	5400
0592	86	0	3	6970	11	56	0	9200
0593	79	0	1	13790	20	24	0	10100
0594	83	0	1	10620	15	23	0	8200
0595	87	0	2	12700	16	35	2	8400
0596	84	0	2	3190	21	43	0	7200
0597	75	0	2	13280	8	39	2	5300
0598	80	564,48	3	14750	13	34	2	6400
0599	81	0	1	12000	29	57	0	9600
0600	65	2023,01	1	5460	19	36	1	3700
0601	75	4114,1	2	6540	17	20	0	5300
0602	78	419,81	1	16920	13	19	3	9900
0603	82	601,3	1	14960	12	23	1	11500
0604	63	6353,98	2	8630	11	23	1	2800
0605	83	0	1	7070	21	42	1	8300
0606	81	0	2	10730	13	24	2	7900
0607	84	0	2	6220	12	50	1	7700
0608	88	0	2	13180	22	39	2	13300
0609	84	0	2	24780	23	26	3	13700
0610	73	5450,52	2	7910	12	21	1	5000
0611	88	0	3	18590	11	32	0	12700
0612	75	471,68	2	7520	12	28	2	4600
0613	77	589,36	2	12920	18	60	1	9400
0614	82	0	2	9780	20	18	0	8900
0615	85	1065,46	1	7390	14	40	3	8700
0616	73	1216,67	3	7140	7	26	1	2400
0617	74	1331,31	1	8660	11	55	2	5700
0618	85	0	2	32290	19	33	2	14900
0619	85	1462,73	2	11080	11	30	0	10700
0620	64	1086,26	1	7300	18	32	2	2200
0621	77	864,5	2	8690	10	42	0	4500
0622	80	0	2	29520	15	28	1	11700
0623	84	0	1	12190	6	41	1	6900
0624	70	588,55	1	5260	15	47	1	1500
0625	80	0	3	10330	17	32	2	8800
0626	83	874,22	2	12590	17	38	1	14600
0627	89	0	1	9100	22	24	0	10500
0628	74	1432,78	3	6900	15	57	2	5600
0629	74	1646,27	3	21300	15	31	2	7600
0630	84	0	2	14540	23	26	1	10900
0631	78	3341,89	2	9030	19	39	1	7900
0632	87	0	1	14880	22	39	1	12900
0633	88	0	2	7840	27	23	2	10100
0634	79	868,4	3	2530	3	62	0	1500
0635	84	0	2	10550	14	35	1	7600
0636	74	2002,37	2	2640	10	23	0	1000
0637	70	549,68	3	7710	5	30	1	2900
0638	79	0	1	9120	6	30	1	8800
0639	84	471,81	2	10600	15	22	4	8700
0640	77	0	2	8500	18	22	0	5800
0641	85	0	1	11680	23	38	1	10800
0642	89	28,59	4	9110	16	43	0	12600
0643	77	196,43	3	11260	10	62	0	6600
0644	75	1099,87	2	26310	13	24	2	10100
0645	75	727,81	2	11270	5	27	1	7300
0646	86	0	2	3270	13	35	0	6000
0647	68	0	2	6100	12	50	1	1000
0648	77	1204,83	2	14500	8	24	1	9500
0649	81	180,55	2	11460	13	32	1	7500
0650	73	2178,48	2	12320	14	22	1	6000
0651	80	1953,05	2	12900	12	43	1	11400
0652	74	4272,43	3	17070	16	30	1	7500
0653	75	0	2	11290	7	37	1	6500
0654	73	491,11	1	11530	16	24	0	5800
0655	85	0	2	11420	9	51	1	9700
0656	67	1835	1	10160	20	39	2	7500
0657	79	0	2	15790	10	32	1	8800
0658	85	0	2	21180	18	45	1	13200
0659	77	0	3	9920	17	38	1	8100
0660	77	0	2	5850	20	24	1	3900
0661	83	0	1	9130	13	27	1	8000
0662	71	865,59	2	1550	14	61	0	2100
0663	77	209,39	2	18040	13	32	2	12900
0664	76	700,52	1	3410	15	27	1	5100
0665	71	545,98	2	8350	5	36	2	2400
0666	73	2197,71	3	680	15	29	2	1000
0667	71	3660,75	2	12480	15	32	0	7200
0668	68	3409,5	3	14120	8	38	2	6100
0669	77	2115	3	9140	8	30	0	5100
0670	86	0	1	11820	20	29	1	13200
0671	71	3841,86	2	2520	21	57	3	4400
0672	82	0	2	13290	25	21	1	11100
0673	87	230,42	2	9760	17	30	0	11600
0674	73	0	2	7810	1	43	0	4000
0675	68	601,88	2	9580	19	23	1	3100
0676	75	1790,46	3	12810	19	38	0	7500
0677	76	0	1	7620	18	34	2	7200
0678	80	1373,1	3	11530	14	54	1	7600
0679	79	0	1	13890	19	31	1	9000
0680	81	0	3	9960	9	27	0	8500
0681	63	10794,19	2	5120	14	29	0	1000
0682	78	61,85	2	11820	15	44	1	6400
0683	60	4696,29	4	9660	15	57	0	2600
0684	85	0	1	10250	9	38	1	10600
0685	77	1457,18	3	6710	15	60	1	6600
0686	73	715,44	3	10750	13	35	2	2900
0687	77	652,79	2	8880	11	40	1	6100
0688	82	0	2	13070	12	35	0	8300
0689	60	6092,8	3	13350	11	28	2	2300
0690	82	0	2	19380	9	52	2	9400
0691	72	4915,51	2	9810	19	28	1	4700
0692	83	0	1	5580	10	20	2	8600
0693	87	0	2	8810	16	50	0	11100
0694	80	0	1	9000	14	37	1	5500
0695	87	0	2	18340	21	59	0	12500
0696	80	0	1	8700	6	27	1	5800
0697	74	0	1	2870	12	21	1	3600
0698	94	0	1	19240	19	43	1	17300
0699	83	0	2	4570	10	25	1	5100
0700	87	0	1	9580	15	37	1	12100
0701	85	0	2	17560	12	29	0	12100
0702	85	0	3	11610	11	29	1	10200
0703	92	0	2	14740	18	35	1	15700
0704	82	0	2	7940	11	27	2	5100
0705	66	0	3	6810	14	27	1	1500
0706	82	0	3	3370	15	30	1	5700
0707	75	0	2	4650	15	20	2	3600
0708	83	690,9	2	9240	16	52	0	10300
0709	71	1522	2	5580	21	20	0	2500
0710	84	0	2	14330	22	47	2	9800
0711	78	356,48	2	6010	1	43	0	2700
0712	89	0	1	15060	18	42	3	13800
0713	91	153,68	3	24070	16	28	2	17900
0714	80	2229,66	3	7170	23	32	0	5400
0715	84	501,08	2	10730	16	61	2	9200
0716	85	0	3	7150	4	35	2	5800
0717	69	5461,22	3	13750	19	58	2	4000
0718	64	9383,82	4	4370	7	23	1	1300
0719	75	1564,84	2	17210	17	29	2	9100
0720	72	326,33	2	17210	13	35	2	8200
0721	89	0	1	14210	21	29	2	14300
0722	74	3861,57	3	2150	9	27	0	1000
0723	76	1172,89	2	4350	17	29	0	4800
0724	84	0	2	13940	21	57	2	11200
0725	80	0	1	9500	19	61	0	7500
0726	75	0	2	13320	21	22	3	5800
0727	74	1740,58	2	8220	15	23	0	6000
0728	81	0	2	10490	18	27	2	9900
0729	76	0	2	9380	15	36	3	6200
0730	79	722,02	1	13240	10	29	1	9200
0731	83	298,44	3	2240	21	20	2	5200
0732	85	0	1	8070	28	33	1	10500
0733	84	0	2	12700	18	37	1	11400
0734	91	0	2	12110	16	18	1	10300
0735	69	0	2	10820	21	30	0	5000
0736	74	2307,19	2	15920	13	45	2	9800
0737	78	0	2	11590	4	19	1	7400
0738	87	0	2	18030	20	35	2	12300
0739	82	1085,73	2	5190	12	22	0	7400
0740	75	580,19	2	14250	18	19	2	9100
0741	79	0	1	12610	15	31	0	9200
0742	87	0	1	4770	14	48	1	7200
0743	76	0	3	13660	8	28	1	8100
0744	92	0	1	20320	23	57	0	18100
0745	76	3883,18	2	8090	17	20	1	4200
0746	66	5178,93	2	6020	15	22	2	2100
0747	81	426,4	2	13540	17	26	1	6800
0748	91	0	1	20020	17	25	1	12200
0749	79	1713,94	2	10280	24	26	2	9700
0750	80	0	1	8770	7	41	1	7600
0751	88	0	2	14620	19	40	3	11700
0752	81	1429,67	2	11470	14	24	1	8100
0753	80	1620,98	2	12160	14	33	2	10600
0754	90	0	2	13870	14	42	0	12100
0755	82	0	3	13170	14	33	1	7400
0756	75	3135,85	2	9080	17	30	1	5400
0757	85	0	2	11350	16	43	2	9000
0758	78	992,27	2	4950	1	25	1	3500
0759	73	2208,52	3	9770	5	24	0	2700
0760	85	0	3	6120	13	34	1	7800
0761	74	570,03	2	3440	8	20	1	3400
0762	77	248,62	1	16210	20	28	0	10200
0763	73	1474,39	2	16360	16	45	1	9400
0764	73	991,98	2	12420	7	53	3	4000
0765	93	0	2	16380	18	31	0	16200
0766	82	1099,76	2	6930	19	31	1	6400
0767	83	0	1	15850	20	56	4	12200
0768	80	733,99	2	16780	8	37	2	9100
0769	84	38,52	2	8370	12	19	2	5400
0770	87	541,92	2	13620	12	29	0	10700
0771	87	0	1	9210	21	34	0	11400
0772	90	0	1	25840	23	18	2	16900
0773	73	5756,3	4	13050	13	48	2	8900
0774	73	484,64	2	13630	20	34	2	7500
0775	84	0	2	27390	17	44	2	13500
0776	80	2044,3	2	19960	14	24	1	11500
0777	82	1360,16	2	11200	11	22	1	9200
0778	71	1776,33	2	2770	10	50	1	3100
0779	69	409,62	2	14470	13	31	2	7200
0780	86	0	3	6770	14	34	0	8800
0781	79	0	2	4500	21	46	0	7200
0782	92	0	1	8530	15	30	0	12400
0783	76	0	2	4420	14	34	0	3800
0784	67	2641,71	2	4870	12	37	0	2200
0785	84	127,34	2	14940	18	18	2	10200
0786	72	0	1	4820	14	29	1	4500
0787	83	1058,49	3	13480	13	23	1	8500
0788	87	0	2	6760	17	47	1	6100
0789	54	4421,97	4	1600	8	27	2	1000
0790	71	5316,01	2	11400	18	36	1	8300
0791	80	2717,61	2	9940	18	30	1	8900
0792	83	962,52	1	13220	19	35	4	9900
0793	86	527,64	3	6520	15	33	0	7600
0794	71	2779,14	2	8280	14	35	1	4900
0795	82	0	2	12490	10	25	1	8600
0796	82	0	2	9920	13	30	0	8500
0797	84	0	3	7540	14	21	1	11000
0798	82	387,7	2	19990	27	25	0	13000
0799	81	1559,79	4	9740	15	39	0	8800
0800	59	2013,62	2	12020	13	33	1	4100
0801	71	1901,94	3	6180	13	30	3	5000
0802	71	1832,48	2	10380	7	26	1	5800
0803	64	6790,85	2	8460	17	20	0	3900
0804	77	1218,58	2	10940	18	41	1	8600
0805	88	0	1	16390	24	29	0	11900
0806	73	1224,66	2	15240	17	32	1	7900
0807	77	0	1	16710	20	46	4	11100
0808	73	1054,5	3	4180	17	28	1	3000
0809	79	0	2	8500	7	39	0	8800
0810	85	0	2	6360	20	57	1	9500
0811	82	428,17	1	5370	8	37	3	5100
0812	86	0	2	8770	19	43	0	11600
0813	85	0	3	15320	18	26	3	11500
0814	71	3022,07	2	15410	13	37	2	7600
0815	73	832,79	3	9330	19	31	3	4800
0816	92	0	1	24130	20	29	1	17900
0817	83	0	2	7730	11	34	0	5900
0818	79	0	1	7170	13	40	1	5300
0819	77	0	2	8110	17	37	2	7400
0820	71	242,95	2	14350	11	26	1	3300
0821	72	2318,46	2	6980	13	29	0	3400
0822	75	6103,52	3	7220	22	57	1	4200
0823	87	91,8	1	14450	17	34	2	11800
0824	71	405,47	2	6750	10	37	1	3400
0825	82	0	2	20800	18	26	1	11100
0826	91	0	2	8440	18	28	1	14800
0827	84	0	1	9350	22	28	2	10200
0828	77	0	3	8390	24	30	2	6700
0829	76	282,68	3	9510	17	31	1	6000
0830	75	977,61	1	3320	14	48	1	1000
0831	82	0	2	11420	5	53	2	9600
0832	83	0	2	3480	15	24	1	4400
0833	83	0	3	11040	10	39	1	10200
0834	79	0	2	9420	4	44	2	6500
0835	81	0	1	11710	14	27	3	9600
0836	83	0	1	8710	24	43	0	6600
0837	79	0	1	19590	21	38	1	7700
0838	92	0	1	13390	20	41	0	15400
0839	81	1630,81	2	18740	12	52	1	10900
0840	76	1739,57	3	9900	19	33	1	5400
0841	76	1889,02	2	18710	14	38	1	10200
0842	64	4857,53	2	6730	13	38	1	2700
0843	82	928,71	2	11460	18	35	0	9800
0844	77	3615,43	4	18250	13	20	0	11600
0845	93	0	2	4070	16	44	1	6600
0846	77	0	1	2710	16	39	2	4800
0847	75	0	3	3990	11	33	1	1000
0848	81	1348,82	2	13770	16	50	1	9300
0849	72	1068,29	2	1860	16	26	1	1000
0850	81	0	2	20240	21	24	0	13600
0851	71	4724,73	4	8720	13	34	1	1900
0852	79	1856,85	3	19970	18	59	2	9100
0853	85	0	2	3780	15	28	0	8200
0854	72	3081,87	2	1730	13	31	2	2700
0855	91	0	3	15370	22	44	1	14200
0856	76	625,56	3	6630	11	19	1	5300
0857	70	711,59	2	16730	9	30	1	6300
0858	81	0	1	8360	18	21	1	4800
0859	80	281,98	3	9680	17	40	1	7000
0860	77	4555,77	2	4470	18	35	1	5000
0861	85	0	2	10880	17	57	2	9500
0862	71	1977,53	2	18980	9	23	1	6200
0863	87	403,58	2	7260	18	43	1	10100
0864	81	907,44	3	8440	11	37	1	7800
0865	75	0	3	3250	12	29	1	3600
0866	81	318,86	2	8900	11	34	1	8800
0867	85	0	1	8080	11	33	1	8400
0868	86	0	2	6080	19	38	0	8600
0869	80	0	2	10840	14	37	2	7400
0870	60	4405,12	3	8100	11	19	1	1900
0871	91	0	1	13110	19	39	1	12800
0872	80	35,21	2	9470	15	28	0	8400
0873	79	1009,89	4	11570	8	43	1	6400
0874	75	0	1	5350	17	33	1	4400
0875	85	0	2	9220	11	28	2	11400
0876	76	531,87	4	6220	4	18	1	3200
0877	82	227,12	2	18570	14	28	1	12800
0878	79	1895,74	1	9210	21	31	1	8900
0879	84	0	1	13460	16	33	1	10300
0880	89	0	1	6000	16	35	1	9600
0881	75	0	2	8720	10	31	0	4500
0882	73	1619,17	2	15040	16	38	1	6100
0883	70	3673,49	3	16810	8	42	1	7200
0884	75	1184,31	3	15770	12	28	1	8900
0885	89	0	2	6260	23	35	2	11300
0886	95	0	2	17740	12	34	0	15000
0887	82	69,9	2	16210	20	23	1	13600
0888	69	3638,45	2	4030	7	31	3	1600
0889	86	0	1	9760	16	28	1	9800
0890	82	0	1	13170	22	42	2	11400
0891	80	0	1	10770	15	29	3	8500
0892	78	0	3	1640	15	33	1	3400
0893	86	0	1	9950	18	34	0	11100
0894	85	0	2	25710	8	41	0	11700
0895	86	0	2	16430	11	45	1	12300
0896	74	0	3	11540	15	51	0	5800
0897	86	0	2	12840	19	28	0	9200
0898	84	0	2	10600	11	29	1	6900
0899	84	0	2	10470	8	19	2	8100
0900	90	0	2	15450	16	39	1	14700
0901	83	1926,09	2	16890	26	36	2	13000
0902	53	6598,75	3	2890	8	19	1	1000
0903	80	1481,2	2	5500	19	22	0	7300
0904	68	1404,98	3	8350	6	31	2	4100
0905	76	0	2	23140	10	19	1	11700
0906	74	1319,74	2	19780	11	34	1	7200
0907	85	0	1	17480	17	61	1	10300
0908	85	0	2	7970	13	25	2	10100
0909	73	0	2	16060	17	45	1	6300
0910	84	1352,86	2	7990	16	55	1	7600
0911	77	0	2	7120	14	37	1	5500
0912	80	0	1	5250	22	39	2	6200
0913	70	1904,75	3	9270	10	47	1	6600
0914	80	0	2	17060	16	34	0	11400
0915	79	1618,03	2	5680	14	22	1	9600
0916	77	0	3	7150	5	27	0	5100
0917	76	0	2	9220	16	24	1	5200
0918	91	0	1	16050	17	20	1	11900
0919	68	3897,84	3	1310	19	58	4	1500
0920	68	0	2	12100	19	31	1	3700
0921	81	0	2	12660	9	26	1	9200
0922	74	376,14	2	10480	13	32	4	4500
0923	76	1552,31	2	10730	12	62	2	8300
0924	91	0	2	2390	18	37	0	6000
0925	79	1707,26	3	19110	16	33	1	12400
0926	66	4381,41	2	18800	12	25	1	7500
0927	82	304,38	2	11150	21	29	1	11400
0928	83	0	2	7120	11	27	1	6900
0929	82	499,23	1	18450	17	33	2	10100
0930	76	0	2	1490	1	18	1	1500
0931	72	2801,07	2	15060	13	35	1	6100
0932	79	1350,96	2	14220	16	20	2	7100
0933	83	0	1	9280	22	39	0	7900
0934	78	279,57	3	10660	12	42	2	7600
0935	75	2444,38	2	5970	14	26	1	4400
0936	84	0	2	14560	17	39	1	10200
0937	85	0	3	8800	13	30	1	11700
0938	75	3036,8	2	7700	6	54	0	4900
0939	96	0	2	23200	16	33	3	16900
0940	89	0	1	11990	20	21	1	11800
0941	74	0	2	0	18	19	2	1000
0942	93	0	2	20180	24	44	2	20400
0943	76	843,54	2	1630	3	28	1	1000
0944	81	0	2	12430	17	48	1	8100
0945	68	1821,14	2	8720	8	25	1	4200
0946	75	1090,89	2	8670	13	28	1	9400
0947	80	1791,63	3	11070	18	29	2	8200
0948	82	0	2	10540	20	25	1	8000
0949	69	2149,28	2	9960	9	24	1	4900
0950	56	1495,41	4	950	11	34	0	1000
0951	86	9,33	3	8440	13	20	2	8900
0952	78	150,12	3	7430	14	40	1	4500
0953	84	3859,99	2	10060	17	55	1	11500
0954	71	2119,86	3	9690	17	18	2	5300
0955	85	0	2	8640	23	21	2	10700
0956	84	0	2	4070	17	27	1	7400
0957	89	0	1	5470	18	33	0	9300
0958	77	309,06	3	2670	19	58	1	3200
0959	74	0	2	14620	11	28	1	6100
0960	86	0	2	4830	25	25	1	8100
0961	81	845,86	2	11320	14	43	1	6600
0962	88	0	2	25520	19	41	1	13900
0963	63	556,27	4	3840	9	34	2	1000
0964	80	0	2	15780	19	21	2	11600
0965	81	0	2	8880	14	20	2	8400
0966	86	0	2	9450	21	24	1	11800
0967	85	0	2	8560	9	40	0	7400
0968	58	3622,8	4	4140	7	42	2	1000
0969	87	193,22	2	5550	21	31	1	10400
0970	77	1664,41	2	14330	13	19	1	8700
0971	74	2214,85	2	7850	9	34	0	4800
0972	71	0	3	12300	13	24	1	5600
0973	82	597,64	3	16400	13	29	1	10900
0974	95	0	1	21230	20	24	1	18100
0975	85	0	1	4650	13	30	0	7900
0976	72	0	2	3980	16	33	3	1400
0977	92	0	1	15360	17	29	5	15000
0978	74	3531,69	2	10460	20	26	0	7300
0979	63	2250,24	1	7360	18	29	3	4100
0980	71	2102,31	3	4210	18	62	2	2700
0981	70	239,16	2	16600	7	24	4	3900
0982	89	0	1	20400	19	25	1	14000
0983	80	0	1	16480	15	32	1	10900
0984	80	0	1	12860	19	58	0	9600
0985	81	1271,2	3	11000	22	19	1	10700
0986	85	0	2	9880	20	30	0	7200
0987	85	472,95	2	9210	22	26	0	11900
0988	75	531,61	1	13480	17	35	1	9600
0989	80	0	2	13300	14	26	2	8300
0990	85	0	1	17820	10	29	1	12400
0991	83	0	3	5410	12	31	1	6900
0992	83	1601,91	3	21340	16	20	0	11400
0993	77	2450,53	3	7550	9	25	1	7700
0994	95	0	2	7310	19	28	0	13700
0995	93	0	3	19590	18	18	1	16000
0996	68	2820,3	3	4510	12	29	1	1000
0997	80	1535,66	3	13510	14	26	1	10200
0998	81	922,38	1	17710	13	32	0	11900
0999	81	0	2	7720	23	24	0	10300
1000	82	0	2	15100	11	26	1	11900
1001	76	158,42	2	4290	23	28	3	4700
1002	69	312,08	1	2720	18	30	1	1000
1003	85	0	2	9330	9	28	2	8000
1004	71	2405,4	3	6620	11	20	2	1400
1005	81	0	1	12140	19	30	1	8500
1006	84	0	3	15720	17	27	2	10900
1007	66	4328,63	3	1810	19	32	2	1000
1008	81	0	1	14000	16	25	1	6900
1009	83	0	2	5700	13	34	1	6600
1010	81	0	2	2180	8	49	1	2800
1011	82	265,11	2	15130	18	29	1	10000
1012	88	0	1	16500	11	43	3	15700
1013	85	0	1	16000	25	29	0	13200
1014	71	2194,43	2	6600	11	27	1	4700
1015	78	2073,76	2	10270	13	59	1	7000
1016	83	0	1	10500	11	18	0	7000
1017	86	0	2	4140	14	47	1	8000
1018	81	1467,12	3	5780	16	53	1	8300
1019	71	1598,58	5	2010	9	26	0	1000
1020	80	0	2	13130	12	27	2	6000
1021	67	1087,4	3	10660	13	62	1	3600
1022	82	11,27	2	3690	19	38	0	8300
1023	71	0	2	3960	15	31	2	1900
1024	77	272,61	3	16850	13	26	0	8800
1025	76	32,3	2	4140	10	62	2	5100
1026	82	0	2	4760	10	40	1	6200
1027	75	420,29	2	10470	11	31	2	7000
1028	94	0	2	5170	20	35	1	13200
1029	83	0	2	16030	18	30	1	9500
1030	85	1131	2	5130	14	41	0	6800
1031	66	1270,54	4	11810	15	29	2	4300
1032	87	0	1	7420	20	34	0	9200
1033	67	3889,75	3	8420	16	34	1	2500
1034	75	1680,93	3	4220	12	25	2	4200
1035	74	4442,83	3	16440	12	24	0	8000
1036	72	126,09	2	7670	12	56	1	2300
1037	83	947,58	3	2530	11	43	0	4700
1038	90	0	2	10000	19	19	2	12700
1039	84	0	3	8200	17	19	1	7400
1040	75	1000,11	2	6310	18	27	1	4400
1041	91	0	2	7870	8	24	3	12500
1042	80	0	2	8320	22	39	3	8500
1043	76	2442,49	3	4960	11	31	1	5800
1044	76	0	1	1070	12	36	2	4900
1045	84	0	1	3500	26	24	0	8000
1046	92	0	1	10040	23	59	1	11500
1047	87	0	2	19510	24	40	3	13500
1048	89	0	2	9860	20	21	1	10500
1049	79	0	2	9930	14	41	1	7800
1050	53	3886,59	2	14340	11	33	0	1900
1051	76	0	2	5760	11	62	1	3400
1052	83	3441,03	4	14590	15	30	1	11400
1053	83	0	2	7670	21	25	1	10700
1054	80	0	1	7630	9	25	0	6500
1055	75	0	1	6150	22	19	1	7100
1056	93	0	1	16190	20	28	0	12800
1057	81	0	3	14080	16	39	1	9700
1058	78	0	3	5810	23	29	1	6300
1059	75	0	2	6520	14	21	1	5100
1060	80	0	1	7830	16	27	1	5900
1061	71	432,22	2	14210	7	26	2	5000
1062	82	0	1	16590	22	29	1	11300
1063	80	783,3	2	9820	11	62	2	8400
1064	74	496,88	2	8550	14	30	2	5800
1065	78	0	2	4910	6	20	1	2700
1066	92	0	3	16770	7	41	2	15100
1067	65	3190,19	2	7130	12	28	2	4100
1068	79	1141,92	4	13330	12	26	1	9300
1069	81	272,85	3	17290	17	60	3	11900
1070	80	277,45	2	8960	13	45	3	9700
1071	88	0	3	7850	15	33	1	9200
1072	69	0	2	560	11	33	1	1000
1073	74	1215,28	2	7620	19	24	2	6600
1074	71	1405,69	3	6940	4	29	2	1300
1075	69	2130,66	3	13960	19	22	3	4700
1076	86	0	1	10100	21	39	2	11600
1077	84	1241,64	2	17320	11	32	0	9900
1078	83	0	2	8500	12	42	1	7200
1079	70	979,12	2	7020	16	37	1	2700
1080	79	671,87	3	8600	9	35	2	8100
1081	74	899,85	3	14740	6	59	0	3300
1082	80	0	2	11770	12	41	2	7200
1083	86	345,37	2	14870	17	20	2	13700
1084	80	166,55	3	18030	18	30	1	10600
1085	73	0	2	11110	9	54	2	4000
1086	88	0	2	8220	10	48	2	9200
1087	79	180,18	1	14080	17	63	0	7200
1088	82	0	2	19240	18	26	2	11700
1089	81	310,5	2	6710	13	33	1	5300
1090	67	3944,9	2	5120	22	60	0	3200
1091	84	1659,62	2	10920	12	61	2	9300
1092	81	55,24	2	9260	20	31	0	8200
1093	93	0	2	10940	18	33	3	13300
1094	82	655,58	2	8410	16	47	1	7300
1095	84	961,53	2	11850	21	38	1	11000
1096	85	0	2	3920	13	43	1	6400
1097	91	0	1	12380	21	29	3	15800
1098	90	0	2	12530	14	48	2	11900
1099	83	0	2	3910	13	23	0	6300
1100	81	0	2	6480	17	56	2	6300
1101	77	2129,24	3	23390	16	50	0	10700
1102	85	0	2	5480	14	53	1	7200
1103	79	206,23	1	5990	5	38	1	4500
1104	89	0	2	5660	10	58	2	7800
1105	78	0	3	6460	13	48	2	4500
1106	72	854,2	2	2970	11	24	0	2900
1107	81	650,39	1	18810	18	62	1	11200
1108	85	0	1	15510	9	34	3	9600
1109	85	0	2	3300	6	25	1	5500
1110	84	0	1	15380	12	26	0	11900
1111	78	319,21	2	7830	16	25	1	7500
1112	77	0	2	11700	12	31	0	6300
1113	75	5234,26	3	7360	20	36	0	6300
1114	87	0	3	6630	14	20	0	8800
1115	78	298,24	1	4450	18	61	1	4900
1116	80	0	2	13170	15	47	0	7800
1117	88	0	3	8040	13	61	0	10200
1118	87	0	1	9900	21	49	1	7100
1119	83	0	3	16680	13	25	1	10900
1120	80	0	1	11790	20	32	2	8700
1121	84	941,96	1	21160	17	28	1	13200
1122	54	6095,11	3	4090	6	35	1	1000
1123	83	3509,86	3	10210	16	31	1	7800
1124	88	621,21	2	13590	14	19	1	11600
1125	71	2433,25	2	7960	5	33	1	4700
1126	73	5486,4	3	13200	17	26	0	6600
1127	82	0	3	13290	18	36	0	8500
1128	74	126,52	1	8890	11	24	1	5000
1129	63	3496,8	2	4930	13	31	0	1200
1130	85	0	1	10700	21	51	1	11300
1131	76	5259,08	3	10700	13	26	2	7800
1132	84	219,36	3	16630	17	23	0	10200
1133	74	0	2	23580	18	32	1	9200
1134	81	0	1	28390	25	29	2	14400
1135	82	0	3	9210	22	21	2	8900
1136	83	0	2	9300	28	23	1	9800
1137	88	396,25	2	15500	18	45	0	15200
1138	84	417,93	3	10150	7	43	1	8900
1139	69	5226,58	3	5140	18	31	2	2800
1140	80	0	2	9240	18	24	1	8300
1141	80	98,44	1	24960	23	41	1	12800
1142	77	3975,68	3	6300	11	31	2	4200
1143	84	0	2	18550	21	28	0	12100
1144	84	1414,49	2	8370	16	38	1	7000
1145	80	0	2	4700	14	31	1	7100
1146	85	0	2	16990	24	37	1	11200
1147	87	0	1	14210	10	30	0	11400
1148	91	0	1	9770	14	25	1	13500
1149	73	2258,84	3	11320	14	47	1	5800
1150	90	0	1	3920	10	56	0	8300
1151	63	780,79	2	13350	18	30	2	6700
1152	80	0	4	2220	17	24	2	2000
1153	84	0	2	21320	8	25	1	9700
1154	79	2107,37	2	7610	22	30	2	9300
1155	82	0	1	11450	22	20	1	11200
1156	87	0	1	20470	22	36	0	14600
1157	91	0	2	9980	18	21	0	14100
1158	73	2837,67	1	6530	15	43	1	4400
1159	80	0	1	8680	17	25	0	4600
1160	87	0	1	14290	24	42	1	12700
1161	89	0	1	12390	17	33	0	11100
1162	70	2102,09	3	9160	8	48	1	2200
1163	83	0	1	8860	17	45	4	11200
1164	80	0	2	5200	8	46	1	5000
1165	70	415,04	2	10490	16	26	0	5700
1166	73	5265,27	3	11200	11	42	5	6300
1167	75	1164,93	2	12340	17	37	2	5100
1168	85	0	2	9590	20	39	1	10400
1169	93	0	2	12870	20	59	0	12900
1170	71	368,61	2	19340	20	60	2	7700
1171	82	0	2	8190	14	61	1	6400
1172	82	0	2	9970	11	40	1	7700
1173	88	0	1	12030	12	35	2	13600
1174	73	110,61	3	7990	8	48	1	4600
1175	74	0	2	18940	16	18	1	9300
1176	86	0	2	14990	19	20	2	12200
1177	85	0	2	16090	14	36	0	12200
1178	86	0	1	4120	17	18	0	8700
1179	75	2491,36	3	5910	12	28	0	4000
1180	76	2596,01	3	7410	15	28	1	6800
1181	81	1202,94	3	7270	10	39	0	7500
1182	68	2055,27	2	2750	13	22	0	2300
1183	79	103,35	1	9110	14	32	0	7100
1184	87	0	1	9810	20	38	3	12300
1185	66	2959,66	3	180	10	33	2	1000
1186	86	0	2	15720	12	45	0	13700
1187	81	2348,67	2	12630	9	30	1	10300
1188	66	1826,19	2	14320	14	27	0	4400
1189	88	0	2	9100	12	32	1	12000
1190	84	0	2	12550	15	20	1	9700
1191	84	0	3	10270	21	34	1	7300
1192	77	937,25	4	9580	11	46	1	6500
1193	72	1848,58	2	9010	13	46	1	5000
1194	77	2689,34	3	2680	8	19	1	3800
1195	94	0	1	7850	14	22	2	12600
1196	79	0	2	8170	17	26	0	7000
1197	85	325,14	3	4910	8	31	0	4600
1198	66	4219,67	3	6010	7	33	1	1000
1199	80	0	2	7210	11	57	1	6200
1200	74	1671,58	2	9770	15	27	2	7500
1201	73	3252,15	3	4310	15	38	2	2400
1202	95	0	1	13030	23	40	0	15700
1203	84	0	1	7670	6	46	1	10900
1204	66	2150,68	2	4060	13	34	1	1000
1205	78	0	1	19890	17	22	2	12200
1206	90	0	2	9900	14	31	1	13100
1207	91	586,9	2	9500	16	32	1	12100
1208	84	0	1	5090	11	35	0	6000
1209	80	374,17	2	11500	15	39	1	8600
1210	82	0	2	10220	22	36	1	9400
1211	77	223,61	3	4820	11	57	0	4900
1212	73	3135,99	2	12380	13	40	1	7400
1213	72	757,17	3	10040	14	42	2	2800
1214	86	1819,61	2	8140	10	42	1	9500
1215	85	539,17	4	17670	11	19	1	12600
1216	86	0	2	8250	20	25	1	10800
1217	84	0	3	16690	14	30	3	10000
1218	90	0	2	15290	9	19	0	14300
1219	85	0	2	10470	12	61	1	10300
1220	84	0	1	22620	17	46	3	12300
1221	86	0	1	14080	13	24	1	12800
1222	73	213,11	2	5790	15	36	3	5200
1223	85	0	2	13390	12	37	0	10100
1224	90	356,59	2	10060	14	28	4	9000
1225	76	36,3	2	12690	14	30	2	10200
1226	71	2855,95	2	7760	12	51	1	5200
1227	86	0	2	12210	9	33	1	12400
1228	73	802,16	2	25180	14	43	0	8300
1229	75	0	2	3070	20	28	2	3700
1230	81	0	1	13070	21	32	1	9600
1231	83	0	1	12170	20	21	0	11900
1232	85	0	1	7250	18	41	1	10000
1233	59	10125,25	4	13330	1	36	2	2700
1234	72	0	2	8820	7	21	1	3500
1235	89	0	2	16040	16	32	2	13500
1236	77	2694,8	2	5070	13	25	1	5500
1237	80	0	1	7700	20	41	2	8600
1238	87	0	2	8640	6	21	1	7800
1239	85	0	1	12020	15	30	2	9900
1240	79	0	1	1650	7	36	3	2700
1241	75	72,64	2	13880	14	37	2	9500
1242	86	0	2	11040	11	24	1	8000
1243	88	0	2	15110	15	46	0	13900
1244	80	0	2	8490	17	43	0	5800
1245	86	541,51	2	10500	13	47	2	10500
1246	73	1574,03	2	4050	12	61	1	1100
1247	83	0	2	9300	25	28	1	9000
1248	81	0	2	12880	14	27	1	9700
1249	82	0	2	13040	22	19	1	10400
1250	80	0	3	9120	12	58	1	5900
1251	93	0	1	9200	12	28	2	14100
1252	75	902,6	2	13660	12	20	0	8800
1253	82	499,59	2	13550	17	20	1	8100
1254	70	1119,98	2	18040	21	31	0	8500
1255	91	0	1	5270	17	21	1	9100
1256	76	191,57	4	7400	22	59	1	3500
1257	84	58,58	2	8350	20	29	2	8200
1258	78	628,56	2	16230	24	26	1	11200
1259	80	1937,4	4	4220	12	42	1	5200
1260	91	0	2	4430	9	22	2	9800
1261	78	0	2	7160	10	25	2	4800
1262	88	0	2	19340	15	38	1	14300
1263	85	0	2	10910	13	61	2	8700
1264	71	3846,64	2	0	16	41	1	1000
1265	81	0	2	26970	13	36	2	13900
1266	81	0	2	17750	4	29	1	9300
1267	76	3123,72	2	10030	18	41	2	6300
1268	76	0	2	9950	9	40	2	4600
1269	77	1680,66	3	4560	10	31	1	3500
1270	82	0	1	5620	14	35	0	6500
1271	70	3029,21	5	10970	12	28	0	3400
1272	76	814,77	2	14420	17	19	1	6800
1273	77	0	1	8590	21	19	2	7700
1274	82	914,4	2	9840	14	38	1	10100
1275	82	0	1	18360	14	41	0	11700
1276	79	0	2	7120	14	39	1	7500
1277	96	0	1	8020	33	19	1	15100
1278	71	0	3	12390	9	29	1	5200
1279	95	0	2	18630	10	25	0	14900
1280	72	3265,51	4	7350	9	33	1	3700
1281	69	1151,35	3	4750	19	19	1	3800
1282	80	827,59	3	5750	8	40	0	4900
1283	74	7275,42	3	5390	16	43	0	5100
1284	90	0	1	16500	17	34	2	15100
1285	92	0	3	12660	16	19	0	13900
1286	93	0	1	4950	14	38	3	12300
1287	79	0	2	2250	14	26	1	4100
1288	85	0	3	6270	18	44	0	8000
1289	84	0	1	13800	16	28	1	12400
1290	86	0	2	20890	15	59	2	12000
1291	84	0	2	13160	19	34	0	8600
1292	80	0	2	9130	12	35	0	8500
1293	75	1310,9	2	3940	12	33	1	1900
1294	77	1813,29	2	27290	14	18	0	11100
1295	67	855,45	2	15140	23	49	0	6200
1296	82	1344,63	3	8140	12	22	1	6600
1297	94	0	2	22550	10	24	1	15500
1298	81	1518,02	3	5500	13	36	1	6600
1299	84	0	2	6800	15	23	2	7500
1300	85	0	1	8330	12	57	1	11000
1301	81	0	1	10270	19	26	1	10500
1302	85	1194,33	3	27330	7	35	4	13400
1303	93	0	1	8880	19	32	0	16500
1304	85	0	2	9000	17	43	0	7900
1305	77	636,02	3	9300	19	37	2	5900
1306	79	0	2	9280	17	39	0	7800
1307	90	0	2	2390	25	28	1	9000
1308	62	3659,62	3	6360	9	32	2	1000
1309	75	0	1	7740	12	43	2	7000
1310	78	0	1	5550	16	34	1	7300
1311	77	0	2	7290	13	42	0	5000
1312	76	1030,92	2	17010	19	35	0	7800
1313	65	3318,35	3	4450	9	59	1	1000
1314	86	0	3	10060	14	30	1	12000
1315	86	0	3	5240	18	62	1	8000
1316	74	0	3	6790	19	36	0	6300
1317	59	4191,31	4	1790	5	60	1	1000
1318	75	2705,41	3	16130	12	21	2	10100
1319	74	191,71	4	28990	18	33	0	10400
1320	84	0	4	13940	4	36	0	9500
1321	74	0	2	6800	14	23	0	2400
1322	91	0	2	7290	9	23	2	11000
1323	62	0	2	12650	15	23	2	1000
1324	81	0	2	13300	21	28	0	10300
1325	91	0	2	5660	17	34	0	12000
1326	82	0	1	13070	23	30	1	12800
1327	87	0	2	13070	17	28	4	12400
1328	74	329,78	2	8400	18	25	2	5300
1329	83	646,68	2	11110	17	37	1	7400
1330	89	0	1	8150	12	38	1	11300
1331	85	0	2	17920	3	42	1	10700
1332	82	1023,73	2	12830	16	18	0	11100
1333	86	0	1	12230	18	30	0	12600
1334	75	1224,91	2	4300	22	26	1	4500
1335	84	0	2	8250	14	23	2	8300
1336	92	0	4	14940	23	23	1	17400
1337	82	262,21	2	7130	14	28	1	7000
1338	80	400,23	2	8040	20	41	1	8700
1339	79	31,53	1	5080	13	30	0	7000
1340	86	0	2	21950	14	46	1	13800
1341	79	0	2	10600	13	62	1	7300
1342	76	796,64	3	13570	26	57	2	9400
1343	77	1041,41	2	2900	16	44	1	5100
1344	78	388,93	2	13800	8	39	3	6200
1345	67	1214,88	1	3070	5	22	1	1000
1346	82	854,4	2	15360	19	34	1	11700
1347	84	0	2	16040	18	27	0	10100
1348	63	2548,41	3	10610	19	61	1	2300
1349	84	0	3	12250	15	31	2	11400
1350	81	1712,83	3	17370	19	50	1	11900
1351	77	131,69	3	21850	13	33	0	11400
1352	83	0	3	5360	14	25	1	7700
1353	94	0	2	15520	17	25	0	16500
1354	81	0	1	10060	15	29	0	7100
1355	87	0	1	15750	12	35	1	14200
1356	82	0	1	7160	17	29	0	7900
1357	87	0	2	8580	16	53	0	11600
1358	80	0	2	4310	8	45	1	5900
1359	96	0	1	19550	16	32	1	16700
1360	77	954,88	1	13670	11	22	2	6600
1361	81	585,96	2	5820	10	20	2	6300
1362	80	0	1	14910	10	28	1	9000
1363	80	0	3	15760	17	35	0	10600
1364	86	0	1	10330	13	54	3	11400
1365	74	965,69	3	7120	16	24	0	5400
1366	82	154,71	2	8590	12	48	1	7600
1367	90	0	2	15650	16	35	1	15600
1368	74	0	3	9370	13	39	2	7300
1369	76	38,86	3	11550	14	34	0	7800
1370	81	278,13	1	13990	17	29	0	10400
1371	82	841,59	2	2330	14	28	1	4200
1372	82	0	1	10320	24	39	0	8000
1373	85	0	2	19160	7	57	1	12100
1374	84	0	2	6060	18	45	2	7300
1375	69	5099,18	3	4960	13	31	1	3500
1376	76	1571,9	2	8550	15	25	0	6800
1377	91	0	2	16150	24	37	2	15600
1378	81	2445,59	3	17110	10	33	1	10400
1379	86	0	1	6680	15	32	2	9400
1380	73	3938,52	3	9610	15	51	2	7600
1381	69	3660,23	2	8450	4	33	2	3600
1382	88	0	2	10340	19	41	1	11500
1383	94	0	1	8960	16	19	1	14800
1384	73	5179,42	3	7920	6	40	0	5300
1385	84	0	2	12940	20	33	2	12100
1386	84	273,79	2	10600	17	28	1	9500
1387	73	259,71	1	6950	15	24	0	4600
1388	91	0	2	23570	14	54	2	15500
1389	69	1406,54	2	7080	16	26	1	2400
1390	80	0	2	9050	13	26	0	6800
1391	84	0	3	19940	15	20	1	10800
1392	63	2533,96	2	12410	10	30	1	4600
1393	88	0	1	13700	15	40	0	10100
1394	75	0	2	13550	17	32	2	7000
1395	88	0	1	11220	18	62	2	11000
1396	81	361,69	3	12210	14	54	2	9700
1397	73	0	3	5370	17	27	1	3600
1398	71	244,19	2	1570	12	35	2	1000
1399	70	3510,63	3	15080	12	40	1	2700
1400	79	0	2	7960	17	28	0	6200
1401	64	2562,09	4	7210	10	34	1	1000
1402	68	2509,6	2	2240	17	40	1	1000
1403	92	0	1	16410	19	34	1	15200
1404	76	0	2	15580	13	35	2	6500
1405	87	0	2	17950	21	27	2	14500
1406	85	0	1	18430	27	19	2	13700
1407	80	1622,65	2	10500	22	39	2	9100
1408	87	335,86	2	7170	15	37	1	8200
1409	77	0	2	13410	19	36	2	7900
1410	82	0	2	16100	19	24	1	10800
1411	84	0	1	10880	11	25	2	8900
1412	71	2835,45	4	3290	10	26	4	1000
1413	83	0	2	8440	7	33	1	9000
1414	85	0	1	9170	11	47	1	8200
1415	84	1189,69	3	15770	1	28	0	11500
1416	81	830,66	2	15540	20	53	1	8700
1417	89	0	2	12310	14	33	1	10700
1418	83	285,45	2	6430	13	36	2	7500
1419	85	0	2	20600	19	57	1	16100
1420	87	0	2	10030	15	30	1	10400
1421	74	1196,07	3	3730	8	35	1	1000
1422	78	0	2	7440	17	31	1	6500
1423	88	0	2	5560	13	53	1	6900
1424	79	0	2	10310	19	41	2	6500
1425	65	3967,27	4	14110	9	30	0	7700
1426	65	2406,68	3	4880	8	60	1	1000
1427	76	0	1	9470	12	30	0	6200
1428	76	728,35	1	17340	18	28	1	12400
1429	74	1276,48	2	9560	12	58	1	6200
1430	86	523,04	2	10300	21	50	1	9400
1431	79	0	1	13250	17	28	2	7300
1432	84	0	1	14910	13	41	0	10800
1433	86	0	2	13230	20	20	1	9600
1434	81	0	1	7020	18	18	1	7300
1435	74	3576,51	4	4710	15	26	1	4200
1436	78	2918,93	2	9900	16	31	2	6000
1437	87	0	2	5470	27	28	1	10200
1438	89	1318,86	2	10870	12	55	1	11300
1439	75	1216,07	2	2990	16	20	1	4900
1440	74	0	1	15910	17	37	1	6900
1441	82	0	3	9920	12	24	1	8900
1442	90	0	1	11880	11	25	2	13600
1443	80	0	1	9210	9	56	1	5700
1444	74	0	2	9640	10	25	0	4900
1445	78	316,69	2	9120	13	61	2	5800
1446	76	140,84	3	6650	14	40	0	3700
1447	90	0	1	10640	20	21	1	11800
1448	79	187,15	1	7720	21	31	1	6900
1449	80	536,34	4	10060	13	37	1	6900
1450	76	0	1	7270	20	28	1	8000
1451	84	0	3	16250	19	23	1	11800
1452	75	1392,28	2	11080	18	45	0	5800
1453	76	0	2	9760	13	27	1	4100
1454	75	0	3	13640	16	27	1	10200
1455	68	4396,43	3	2390	17	20	1	1000
1456	79	0	2	11660	8	24	0	9400
1457	86	0	3	9140	8	42	1	8500
1458	82	1989,83	2	8640	14	22	2	7600
1459	81	1749,47	3	4620	11	30	2	3500
1460	88	0	1	7950	8	40	0	11100
1461	82	0	2	4750	12	36	1	5600
1462	75	0	2	13330	21	31	0	6200
1463	93	0	2	21070	26	40	2	18200
1464	64	2865,89	1	12400	25	61	1	3500
1465	74	706,06	3	12960	15	33	1	5000
1466	78	642,61	1	16210	6	20	0	10200
1467	81	0	3	14450	11	19	4	6900
1468	69	2013,79	2	16460	14	35	1	7600
1469	79	0	2	10360	11	39	1	8300
1470	80	0	1	6210	19	34	1	5200
1471	75	760,95	3	7950	9	28	2	3600
1472	67	1220,46	2	3030	12	42	1	2900
1473	82	0	1	6830	20	28	2	6600
1474	74	1757,69	2	8760	13	33	2	5300
1475	75	0	3	3250	15	36	1	2000
1476	83	744,67	3	30030	19	25	1	18200
1477	82	0	2	8800	13	43	2	10400
1478	78	3470,22	2	10970	15	25	1	6200
1479	85	0	2	19280	10	34	2	12000
1480	82	0	1	14380	21	38	1	8800
1481	88	0	2	13160	15	32	1	11700
1482	74	0	3	4420	15	59	1	1300
1483	70	1306,04	2	10260	18	38	1	5300
1484	84	0	3	12630	18	46	1	10300
1485	73	2417,03	3	5510	12	30	1	2400
1486	70	793,09	1	2900	17	32	0	3000
1487	73	342,17	2	17360	15	59	1	7600
1488	81	0	2	5730	15	31	2	9100
1489	76	1880,4	2	16120	22	29	1	10600
1490	77	926,13	1	14240	12	31	1	9400
1491	82	0	2	12390	21	21	0	9100
1492	83	0	2	7440	10	19	2	7500
1493	77	931,93	3	8690	13	22	1	4200
1494	78	1040,04	1	4660	25	22	0	4300
1495	76	0	3	13670	14	20	0	7200
1496	78	0	2	13310	15	20	1	8500
1497	92	0	2	12440	21	21	2	14600
1498	77	0	2	17620	23	28	1	9400
1499	93	0	1	10520	18	23	2	14300
1500	89	0	1	7400	23	30	1	11100
1501	92	0	2	10210	21	31	1	14000
1502	76	844,1	3	3170	9	62	1	2900
1503	72	1092,38	2	7590	12	38	1	6300
1504	73	1829,62	3	18170	16	25	0	6800
1505	79	245,21	3	14280	10	41	0	6700
1506	77	2115,1	2	11320	15	58	1	8600
1507	85	0	3	11640	16	32	1	8500
1508	78	0	4	1960	9	39	1	2400
1509	75	677,49	2	14270	3	28	1	8400
1510	73	889,86	2	8250	19	20	1	4000
1511	75	299,13	3	9460	22	37	1	5100
1512	80	2477,2	3	11830	11	29	3	7000
1513	83	0	1	19080	17	27	1	13700
1514	89	0	1	4770	15	49	0	8800
1515	80	0	1	4680	16	56	1	5600
1516	63	3675,82	3	11840	11	25	1	6200
1517	99	0	1	15220	19	26	2	17800
1518	89	0	1	8920	16	32	1	10300
1519	87	0	1	9520	20	31	1	11000
1520	67	2339,46	2	4680	6	56	2	1000
1521	75	0	1	8110	12	30	1	7300
1522	80	0	1	11030	25	47	0	7200
1523	87	0	2	8310	11	36	1	8000
1524	81	0	2	18620	20	41	3	11100
1525	81	290,2	2	15590	18	38	1	12000
1526	79	163,49	3	11880	12	25	1	6900
1527	81	156,2	2	4560	15	46	1	8800
1528	81	437,54	3	5950	7	38	2	4400
1529	90	0	2	7810	22	29	2	12600
1530	63	2219,96	3	6930	8	36	0	1000
1531	75	0	2	10380	9	44	2	6200
1532	83	0	2	21120	14	31	1	13100
1533	78	183,52	2	3760	19	23	0	7400
1534	89	0	2	13830	21	20	1	13900
1535	86	288,22	1	17200	17	43	1	11100
1536	73	1058,02	2	8290	14	31	0	3900
1537	63	2298,98	2	30340	19	36	1	7900
1538	85	0	3	11500	6	60	1	7700
1539	84	0	1	5140	19	31	1	6600
1540	76	89,01	2	7190	10	25	1	5500
1541	69	702,69	2	15270	14	25	0	5400
1542	72	486,82	3	15400	15	23	0	9300
1543	82	0	1	12100	23	37	0	8800
1544	88	0	1	8190	17	28	1	10000
1545	76	1813,05	3	15330	11	34	1	7000
1546	79	0	2	7710	23	39	2	8200
1547	77	1321,95	3	4810	12	42	1	6100
1548	70	96	1	7060	12	37	2	2700
1549	79	359,84	4	4980	21	29	1	5900
1550	71	1726,39	3	9070	9	31	2	3400
1551	67	3401,07	4	8730	9	30	1	1100
1552	81	640,72	1	15820	15	56	2	11000
1553	82	0	2	12030	16	27	2	10500
1554	74	934,78	3	14670	8	22	1	6300
1555	88	0	1	12450	13	26	2	10200
1556	89	0	1	12750	19	59	2	14600
1557	60	7184,53	3	310	14	47	0	1000
1558	89	0	2	16090	12	19	2	12700
1559	93	0	2	12360	18	45	1	13300
1560	78	2174,79	1	8770	22	30	2	8900
1561	69	3137,8	2	16660	18	33	2	6000
1562	68	1469,55	2	7740	15	61	1	2900
1563	72	964,36	3	8270	19	21	0	4200
1564	77	1824,49	2	10110	10	61	2	6200
1565	56	2430,83	3	6680	12	28	0	1000
1566	69	836,58	2	14640	13	38	0	4400
1567	81	0	1	17570	16	35	1	10400
1568	78	5034,33	3	12940	13	43	1	8000
1569	93	0	1	10440	19	25	1	13500
1570	76	0	2	11710	17	23	1	8700
1571	81	717,57	2	18730	14	52	3	7300
1572	88	0	2	8280	14	33	1	9600
1573	75	1497,02	2	5190	18	26	1	2300
1574	73	290,93	3	12270	10	21	1	5600
1575	82	1897,36	2	5740	11	44	0	9200
1576	93	0	1	13120	16	28	1	13800
1577	79	1302,07	2	16160	22	22	1	10400
1578	82	0	1	6020	12	43	1	5800
1579	75	2240,73	3	3920	17	36	1	3700
1580	74	225,99	2	10070	19	39	2	7900
1581	83	0	1	5810	11	39	2	7300
1582	69	1396,44	2	13070	23	30	1	5100
1583	76	1441,65	3	9560	14	43	2	4900
1584	77	2022,02	3	7220	18	40	2	4400
1585	78	0	2	8380	11	28	1	5800
1586	82	0	3	14150	18	36	1	10900
1587	84	162,3	2	12420	27	39	1	11700
1588	66	5236,33	2	6830	16	27	1	4600
1589	74	2239,94	3	13830	16	27	1	5900
1590	66	2603,36	3	4040	12	22	1	1000
1591	78	1722,09	2	21100	8	34	2	11600
1592	85	0	2	12640	11	55	1	10800
1593	84	2519,11	2	11180	18	27	1	11400
1594	89	0	2	16090	15	43	1	13800
1595	88	93,44	1	12340	11	24	1	10400
1596	83	713,26	3	4630	11	52	0	7200
1597	89	0	2	16800	16	29	0	11400
1598	83	0	2	8560	15	32	0	8200
1599	80	0	1	14780	18	43	0	9400
1600	70	5031,46	2	8250	15	39	0	5500
1601	81	2716,11	4	12510	21	22	2	10500
1602	75	1268,19	2	4840	11	28	1	1900
1603	78	1607,85	1	10080	12	23	1	8800
1604	85	0	1	11390	22	20	0	10900
1605	77	823,91	2	5970	18	20	1	4400
1606	85	0	3	5620	12	62	0	9300
1607	77	361,34	1	12170	24	18	0	9400
1608	59	5392,58	3	16250	13	53	2	3400
1609	65	803,56	3	13700	8	36	1	2600
1610	68	2869,91	2	11170	10	21	2	6800
1611	82	0	2	9320	11	30	1	8500
1612	79	1080,49	2	23400	9	29	1	10100
1613	83	552,03	2	27200	18	36	0	14900
1614	68	1205,34	2	6060	11	21	1	1400
1615	79	890,27	2	8940	13	54	1	7200
1616	64	3203,91	3	5850	6	38	4	1100
1617	93	0	1	5510	20	38	1	12000
1618	90	0	2	19340	6	26	0	15100
1619	79	0	3	6110	10	47	1	4400
1620	82	0	4	10230	12	26	0	9700
1621	77	893,96	2	9500	19	34	0	8700
1622	87	0	1	23770	14	53	2	14800
1623	81	0	3	15490	7	51	0	9400
1624	81	0	2	15900	15	29	0	10100
1625	88	0	3	13050	15	61	1	11400
1626	87	0	2	5930	18	35	2	11300
1627	72	728,23	3	2530	13	32	1	1000
1628	87	0	2	6470	18	47	1	11500
1629	74	1175,81	2	5880	18	33	1	3200
1630	82	1372,21	2	9030	16	38	1	8800
1631	62	2194,31	2	4450	8	30	1	1000
1632	83	2017,85	2	12600	17	50	1	10300
1633	68	133,83	3	6110	20	25	1	2900
1634	72	1884,42	2	410	2	26	1	1000
1635	67	8196,74	3	10870	9	27	1	5600
1636	77	3293,35	4	11010	7	40	1	3900
1637	85	2320,55	2	19100	17	41	0	12600
1638	78	0	2	20130	14	27	1	8500
1639	85	0	1	6740	17	33	4	7300
1640	76	2415,42	2	6270	18	49	1	6800
1641	82	7,15	2	14150	11	50	1	9800
1642	86	0	2	14540	9	56	1	10500
1643	81	112,54	3	10130	19	30	1	9000
1644	76	824,76	4	7800	12	46	1	4800
1645	89	0	1	6250	15	28	0	11500
1646	89	0	1	14510	24	24	2	13200
1647	89	0	1	21160	12	37	1	15300
1648	85	0	2	12540	19	31	1	11700
1649	78	0	1	4910	16	22	2	5300
1650	82	190,85	2	7900	10	31	2	9300
1651	80	1613,78	2	9420	14	19	1	9400
1652	82	112,59	2	6410	16	31	1	5600
1653	82	0	2	8270	15	33	1	6000
1654	46	7301,15	2	6690	18	45	1	1000
1655	73	464,59	2	13170	26	40	1	7500
1656	82	0	1	8280	13	33	0	7800
1657	66	6333,27	2	12090	18	47	1	4800
1658	66	4169,08	3	4220	18	25	3	1000
1659	75	1287,64	3	18190	14	29	0	7500
1660	45	14945,18	4	9750	4	22	1	1000
1661	87	0	2	27430	17	34	1	14100
1662	85	0	2	13690	15	20	0	10600
1663	76	1877,13	3	5770	15	34	2	6300
1664	80	0	2	7340	13	26	0	6400
1665	76	1138,8	3	13920	20	31	1	7900
1666	58	3233,47	3	17410	5	53	1	3100
1667	73	72,93	3	5810	13	43	4	5700
1668	88	0	2	11730	17	23	1	12800
1669	71	20,6	3	4730	15	24	2	3000
1670	79	1800,32	2	4320	11	20	0	5500
1671	76	1859,35	4	10300	14	35	2	8200
1672	89	0	1	7680	24	30	0	9200
1673	76	808,27	3	12090	23	21	2	7500
1674	82	0	2	8880	14	28	1	8000
1675	85	0	2	12460	17	27	1	9700
1676	71	612,89	2	6430	24	40	0	5200
1677	70	2152,41	2	4820	13	41	1	3500
1678	80	0	2	11850	16	39	1	8700
1679	79	669,98	2	6210	18	34	1	6800
1680	81	0	2	22830	23	26	1	12900
1681	80	3860,69	3	6920	17	55	2	9700
1682	72	3020,67	3	13060	21	28	1	10200
1683	82	0	3	17780	12	30	1	13900
1684	73	0	2	11120	13	37	0	1900
1685	73	892,2	3	18950	20	27	1	9700
1686	86	0	2	2090	25	20	1	9600
1687	66	929,38	2	14950	16	29	1	6600
1688	78	2386,98	3	4200	11	30	1	3900
1689	87	236,75	1	4620	11	28	3	9800
1690	71	0	2	15460	12	44	2	8500
1691	56	4534,79	2	9400	10	19	1	1000
1692	80	0	1	13970	15	22	1	7100
1693	80	384,51	2	11060	15	34	2	8900
1694	68	1975,81	3	5840	9	32	1	1000
1695	72	88,65	2	10930	12	59	1	4100
1696	80	66,72	2	9180	13	58	1	7200
1697	78	901,35	2	3190	23	29	0	3600
1698	90	0	3	13100	6	52	0	11800
1699	70	1745,81	3	5370	13	35	2	1000
1700	72	4015,72	2	9180	11	32	2	6900
1701	79	0	3	4690	15	38	2	6500
1702	90	0	1	9900	17	34	1	13700
1703	78	2487,65	2	12490	14	19	1	9500
1704	76	0	2	660	14	33	2	1200
1705	92	0	2	11040	20	43	2	14400
1706	85	1551,63	3	10460	13	19	0	8600
1707	85	0	1	7190	19	28	2	7900
1708	87	0	1	13110	16	59	1	13400
1709	80	0	2	15660	17	30	3	8500
1710	87	0	1	9140	21	36	1	9000
1711	82	524,99	2	2090	13	18	2	4200
1712	92	0	1	9770	16	33	1	9100
1713	65	5303,94	2	6180	6	24	1	2400
1714	74	1058,72	2	6050	9	23	1	4800
1715	74	3418,68	2	10840	13	29	3	7700
1716	85	0	1	4080	13	46	1	6500
1717	79	485,98	2	14220	8	22	2	5400
1718	84	0	2	16120	9	36	0	9600
1719	83	0	2	12100	17	32	1	9800
1720	83	0	2	20580	14	43	0	11500
1721	90	0	2	13560	27	21	2	14400
1722	63	801,31	3	8230	13	41	1	3900
1723	85	0	2	17040	10	30	1	11800
1724	81	1617,03	3	10540	20	33	1	8600
1725	76	427,19	3	10920	13	33	1	3800
1726	66	3447,63	3	3710	14	18	1	2100
1727	76	2148,72	3	8620	16	28	1	5200
1728	84	0	2	6580	5	22	1	7000
1729	70	5128,73	4	6980	7	33	0	2600
1730	79	139,15	2	7470	13	39	0	5600
1731	84	0	2	10830	14	29	3	10500
1732	68	1789,34	2	7300	10	52	0	2600
1733	82	374,94	2	7450	16	59	1	8600
1734	60	766,29	1	730	20	36	0	1000
1735	80	0	2	9720	12	18	3	7400
1736	89	0	1	9490	14	39	1	12500
1737	63	5919,38	3	1430	21	50	2	1000
1738	97	0	1	21610	20	32	1	16300
1739	74	1447,75	2	7270	10	30	1	2100
1740	89	0	1	7890	13	20	1	8600
1741	88	0	1	18530	22	30	1	13900
1742	80	0	2	710	12	23	0	2300
1743	78	34,89	2	7970	9	19	1	4900
1744	89	0	1	3800	21	24	2	9000
1745	75	1873,02	2	9700	9	43	0	6500
1746	73	56,73	3	11440	13	36	1	2600
1747	82	0	1	17070	25	19	2	12000
1748	91	0	2	18010	20	34	1	15300
1749	83	0	2	2610	17	26	1	6600
1750	91	0	1	25730	18	62	0	18100
1751	88	0	1	17260	21	35	2	15200
1752	80	1216,94	2	9210	16	32	3	9600
1753	73	980,57	3	13820	6	25	1	7600
1754	74	2390,3	2	5920	16	61	1	6500
1755	83	0	2	27290	23	24	4	16300
1756	91	0	3	6660	9	38	2	10900
1757	82	0	2	14270	18	39	0	11300
1758	79	2344,71	2	13170	24	48	0	7900
1759	84	0	2	7530	8	48	1	7900
1760	75	0	2	5790	11	22	0	4100
1761	86	0	1	12240	16	44	3	10000
1762	79	43,83	1	4070	15	30	1	5400
1763	88	0	1	18290	23	23	2	15400
1764	85	0	2	14880	9	29	1	13100
1765	90	0	1	11320	3	27	1	12400
1766	91	0	2	10900	22	52	1	13700
1767	78	0	2	9340	11	32	1	6000
1768	67	835,86	2	4080	6	38	1	1000
1769	77	0	2	6500	17	24	0	2700
1770	86	0	2	8700	16	28	1	9500
1771	87	0	1	14430	14	32	2	12400
1772	84	0	2	10080	11	29	0	7300
1773	86	0	3	16710	22	46	0	11600
1774	87	0	1	10010	12	20	2	9600
1775	82	0	1	14740	22	35	1	9100
1776	81	0	1	15710	16	28	2	9000
1777	80	0	3	12740	14	22	0	7800
1778	91	0	1	10500	14	55	1	12500
1779	74	0	2	8370	14	27	1	2200
1780	86	598,5	2	8690	17	39	2	12000
1781	80	0	3	6090	15	43	4	6400
1782	82	1462,57	2	13490	21	23	1	12400
1783	90	0	2	4400	14	35	0	10500
1784	86	0	3	8490	10	40	1	9600
1785	82	0	2	6830	16	36	1	7700
1786	80	2447,69	2	20630	18	19	1	11400
1787	70	0	2	4050	9	46	1	2800
1788	86	65,51	2	16520	22	19	2	12000
1789	77	2940,98	1	16240	20	36	2	9200
1790	84	0	1	9530	13	50	2	8700
1791	82	0	2	4900	14	37	2	7700
1792	69	1360,32	4	8310	2	61	2	2600
1793	81	130,39	1	12910	20	34	2	10800
1794	82	0	3	5760	14	20	1	7100
1795	84	1211,35	2	12830	21	27	1	11300
1796	91	0	1	24220	14	25	0	17100
1797	79	2990,46	3	5610	14	41	3	3500
1798	86	0	2	17760	18	24	1	12000
1799	71	0	2	10480	17	38	1	3600
1800	74	0	2	17910	13	29	1	7000
1801	72	2335,39	2	15790	14	62	1	8000
1802	75	1223,44	3	9430	19	23	1	7800
1803	66	1824	2	5440	15	34	2	3400
1804	75	449,61	2	18350	13	23	1	10600
1805	87	0	2	11130	14	35	1	9800
1806	79	0	3	11790	12	27	1	7100
1807	73	2158,85	2	3870	6	56	1	1000
1808	71	174,08	2	11270	21	19	0	5800
1809	82	0	1	11460	21	26	0	7600
1810	83	0	2	710	7	24	1	3900
1811	82	2573,14	3	6820	13	37	1	8800
1812	68	2818,3	3	10740	17	41	1	4700
1813	79	0	1	16180	16	40	0	7600
1814	75	2299,12	2	10100	13	18	1	7200
1815	96	0	1	18480	19	47	1	21500
1816	87	0	1	5360	17	22	1	11300
1817	78	13,86	1	5750	16	46	1	6900
1818	81	979,93	2	7740	24	32	1	7900
1819	81	56,49	2	3370	12	26	1	5000
1820	82	542,89	2	12710	17	45	0	9100
1821	76	823,7	2	9140	27	40	0	6900
1822	55	5081,51	2	11280	11	43	1	1800
1823	63	1078,58	3	1660	17	40	2	1000
1824	84	98,81	2	17460	14	40	3	12200
1825	63	4664,13	3	2200	14	33	2	1000
1826	78	0	2	4570	16	29	2	2000
1827	91	0	2	16520	18	31	1	13600
1828	64	3264,91	3	7560	11	19	0	2800
1829	76	1107,09	2	17620	14	36	2	11700
1830	88	0	1	13520	21	61	0	13100
1831	86	58,84	2	12240	19	31	3	10300
1832	83	0	1	21550	19	32	1	11400
1833	80	1019,49	3	5940	11	42	0	5200
1834	74	346,2	2	29530	19	57	2	11100
1835	81	0	2	11990	7	42	1	10000
1836	81	0	1	16890	22	36	1	10300
1837	96	0	1	14930	22	27	2	15800
1838	82	251,69	2	11740	13	30	2	7800
1839	87	0	2	13030	19	61	0	11300
1840	78	0	2	5740	13	57	1	6000
1841	79	0	2	6750	5	62	3	8200
1842	74	1358,57	3	11620	22	31	1	5500
1843	66	3339,14	3	7090	17	35	1	3300
1844	80	0	2	10120	16	33	1	5000
1845	79	87,2	2	10250	22	23	1	5900
1846	88	0	2	12480	7	22	1	12200
1847	79	0	2	9220	15	18	1	5800
1848	74	2122,86	2	4020	21	30	1	4500
1849	80	1383,21	1	8020	13	19	4	7800
1850	91	0	1	17510	18	37	1	17100
1851	85	0	1	4290	17	38	1	10000
1852	86	0	3	8390	19	30	1	10200
1853	87	0	2	18360	20	32	1	12500
1854	91	0	1	20660	15	39	2	12500
1855	88	0	1	11640	29	45	2	14900
1856	82	0	2	4860	8	31	1	6500
1857	81	2001,82	2	14510	12	26	1	10500
1858	77	558,49	3	9790	14	40	0	8200
1859	73	0	1	9820	11	36	2	5100
1860	79	0	2	16680	17	38	2	9800
1861	76	803,53	2	7070	15	45	4	4900
1862	70	2755,23	3	11960	8	23	1	6200
1863	73	2045,82	2	14570	24	26	2	6900
1864	90	0	2	19450	15	23	2	16100
1865	92	0	2	22270	16	32	3	17300
1866	77	1652,33	2	13880	13	50	1	7300
1867	89	0	2	9340	19	43	1	12300
1868	86	0	2	4050	6	40	1	6800
1869	87	0	3	5070	11	30	0	8700
1870	80	2920,58	3	10490	10	55	1	8100
1871	73	3910,52	2	1560	12	28	1	2900
1872	92	0	1	18580	15	37	2	11400
1873	92	37,47	4	14360	17	48	1	14500
1874	75	1385,2	4	2400	10	49	2	1000
1875	78	1585,26	2	11670	12	30	3	8300
1876	87	111,51	1	24380	16	21	1	17600
1877	82	0	2	16120	8	45	1	8100
1878	77	165,43	2	16530	17	44	1	8900
1879	85	83,77	1	15440	13	43	0	11000
1880	82	0	1	14990	20	40	1	11600
1881	85	1302,46	3	22920	20	49	0	13200
1882	83	0	1	3940	19	31	1	9600
1883	94	0	1	13670	14	25	1	16300
1884	90	0	1	9380	21	34	1	12900
1885	72	691,87	2	20540	19	36	2	9400
1886	78	785,4	2	10810	16	34	2	5500
1887	75	0	2	9940	19	27	3	6100
1888	80	0	2	18230	11	29	1	9400
1889	75	427,03	4	18950	11	27	1	7000
1890	83	0	1	8490	10	27	0	8000
1891	72	0	1	190	11	34	0	1000
1892	94	0	1	16650	15	23	1	18200
1893	60	1027,39	2	0	9	62	0	1000
1894	78	0	3	11520	21	26	1	10100
1895	73	0	2	11070	17	22	1	6500
1896	87	0	1	6610	16	35	0	8400
1897	84	1394,47	2	6200	17	24	1	5000
1898	98	0	1	19000	20	37	3	20200
1899	85	1902,04	2	4360	17	23	0	9100
1900	77	1334,1	2	9740	20	32	1	9100
1901	89	0	2	18890	11	25	1	16100
1902	84	0	2	9910	23	18	2	10900
1903	76	1501,12	2	26840	13	32	1	10200
1904	75	0	2	16170	12	32	1	5300
1905	80	0	2	8950	9	46	2	6200
1906	74	4166	4	11750	9	34	1	5300
1907	84	598,76	2	10270	20	42	1	12400
1908	89	0	2	5560	14	39	1	7800
1909	75	0	3	9290	3	28	1	2300
1910	78	0	3	17930	9	60	1	8200
1911	88	0	1	10390	25	28	1	10400
1912	86	0	1	31820	13	24	0	13000
1913	76	1839,1	3	6690	9	35	0	4800
1914	87	0	2	9390	21	28	1	9200
1915	79	533,27	2	10530	20	51	2	9000
1916	81	299,06	2	19610	19	61	1	8700
1917	81	699,99	3	4080	9	36	1	5000
1918	77	1499,11	2	10570	17	37	1	8800
1919	60	2114,88	3	8170	9	41	1	1000
1920	72	1015,66	2	9280	15	62	0	4500
1921	78	0	2	9950	8	40	1	6200
1922	93	0	2	8600	15	34	2	14500
1923	77	136,14	4	4900	15	32	2	4600
1924	87	0	3	10980	9	27	1	7400
1925	75	730,31	2	9810	23	57	1	8100
1926	67	1867,49	3	7720	15	20	1	2500
1927	81	0	4	21130	17	61	1	11400
1928	84	0	1	19850	20	37	0	9900
1929	85	0	1	11910	17	30	2	11500
1930	83	0	1	14540	17	33	1	11900
1931	75	339,84	2	10350	16	61	2	6000
1932	88	0	2	18310	11	32	1	11400
1933	49	5637,47	5	10580	14	38	1	2200
1934	70	1280,21	3	9410	13	61	1	1200
1935	77	1860,9	1	8180	18	28	1	6600
1936	73	0	2	14360	23	18	1	3900
1937	79	444,56	2	20660	15	34	1	11500
1938	87	0	2	10160	11	36	0	13100
1939	81	0	2	4380	11	37	2	5300
1940	74	425,13	2	9330	11	38	0	6100
1941	76	0	2	5090	16	21	1	5300
1942	71	281,1	2	6820	20	39	0	4800
1943	69	0	2	14750	19	35	2	6700
1944	85	0	1	8690	12	29	1	9300
1945	88	0	2	10260	8	24	0	9800
1946	69	0	2	10590	17	39	1	5000
1947	84	190,95	4	4840	14	34	0	7600
1948	75	863,66	2	21010	10	35	1	7900
1949	75	3839,4	1	14920	16	60	1	8500
1950	89	0	1	12210	17	40	0	11100
1951	62	3253,76	3	5230	11	46	0	1000
1952	80	284,41	3	0	18	19	2	3800
1953	92	0	2	5800	15	39	0	8600
1954	90	0	2	6740	12	19	1	11200
1955	77	1177,07	3	6120	18	37	2	6800
1956	80	855,41	1	7270	9	25	1	7400
1957	89	0	2	20930	22	39	1	15500
1958	65	1255,49	2	10180	11	22	1	4100
1959	88	0	2	22000	18	44	3	18300
1960	82	693,86	3	10850	24	38	1	11300
1961	85	0	2	14730	19	22	1	11000
1962	79	962,79	2	6540	13	37	2	6300
1963	75	0	2	3720	10	58	0	1200
1964	80	0	2	16410	11	26	1	10200
1965	84	268,36	2	9920	15	27	1	10300
1966	84	883,33	3	7600	15	28	2	7300
1967	76	1607,58	2	5840	15	26	1	4500
1968	81	523,83	1	19730	25	35	1	15500
1969	64	4225,88	2	7820	17	29	1	3900
1970	90	0	3	14780	22	31	1	14500
1971	77	533,89	2	4920	15	30	3	4900
1972	71	2375,84	3	3940	7	28	3	1600
1973	91	0	1	12310	27	54	2	14800
1974	82	261,29	2	14070	14	36	1	11300
1975	80	1151,48	4	3280	15	18	1	4700
1976	83	178,72	4	8790	13	28	1	8900
1977	77	0	2	1010	13	32	1	4600
1978	86	0	3	9600	16	23	0	10400
1979	87	78,85	2	4680	15	30	2	8300
1980	68	853,77	3	8560	11	25	2	3000
1981	80	951,84	2	11260	24	40	3	9400
1982	76	763,84	2	7800	12	38	1	3600
1983	82	0	2	16480	12	43	0	9000
1984	87	0	2	4800	19	34	1	9900
1985	84	0	2	6910	11	42	1	8100
1986	83	0	2	3590	2	47	1	3600
1987	84	590,22	3	6700	12	23	1	6500
1988	77	68,36	4	4390	20	55	2	2300
1989	83	0	3	16080	21	38	1	12100
1990	85	0	1	22270	16	35	1	11700
1991	81	694,83	2	8910	17	43	2	8500
1992	84	54,43	3	9630	23	28	2	10100
1993	85	0	2	7870	4	36	0	7500
1994	77	499,66	1	12700	18	46	1	8300
1995	93	0	1	8130	22	46	0	13300
1996	85	0	1	4740	12	55	3	8300
1997	88	0	2	18560	19	37	0	14300
1998	83	93,94	2	8270	25	26	0	8100
1999	66	3479,35	3	11360	13	33	1	4400
2000	74	79,7	3	6150	10	24	1	3700
2001	65	122,72	1	7150	8	32	1	1500
2002	78	154,52	1	6470	18	35	0	6300
2003	81	1458,7	3	14960	18	24	1	8700
2004	90	0	1	6650	16	40	1	10700
2005	68	1703,65	2	3370	9	44	1	1600
2006	67	1479,71	3	14060	10	28	2	5700
2007	60	2835,2	2	5060	17	27	2	1000
2008	89	0	1	4500	11	44	0	9500
2009	76	498,98	2	7750	19	32	1	4300
2010	68	4420,08	3	4990	13	31	0	2400
2011	76	1762,43	3	12590	11	23	1	5900
2012	74	906,92	2	3780	13	29	1	3700
2013	80	2128,75	2	19740	17	52	1	11000
2014	83	0	2	12230	16	39	0	10100
2015	75	1260,77	4	6940	11	19	1	5000
2016	83	0	1	14550	16	20	4	9400
2017	72	1173,84	1	19230	19	59	1	11500
2018	77	1111,67	2	14680	20	27	2	11200
2019	84	0	2	9040	14	28	1	8100
2020	87	0	2	7960	12	38	3	9800
2021	86	0	2	8570	20	42	0	11100
2022	72	191,5	3	20890	4	34	1	8100
2023	83	10,85	3	11630	19	31	1	7300
2024	96	0	1	21570	20	61	1	19200
2025	75	3253,96	3	10670	12	29	2	4600
2026	84	0	2	12880	9	21	1	6600
2027	75	3038,44	3	2480	18	25	0	2700
2028	81	0	3	14220	17	37	0	9800
2029	89	0	1	7110	16	38	1	9900
2030	65	4061,13	5	3360	12	49	1	1400
2031	79	0	2	3290	12	39	1	4600
2032	94	0	1	12280	20	27	0	16600
2033	76	3465,02	2	6560	17	41	1	6400
2034	64	3854,57	2	5970	18	38	1	1000
2035	78	0	2	16220	14	26	1	10400
2036	77	0	2	6180	11	36	0	2500
2037	85	0	1	12880	24	36	1	12800
2038	85	0	1	11780	23	58	0	11400
2039	83	0	2	14600	18	24	1	10800
2040	75	3032,13	2	4120	4	28	1	3200
2041	71	1201,2	2	25980	24	61	3	9400
2042	87	0	2	6270	13	62	0	9500
2043	64	2303,34	2	2970	11	39	1	1000
2044	82	0	2	14460	16	47	0	8800
2045	81	0	1	9840	12	34	1	6800
2046	71	1245,35	2	4960	13	39	1	4400
2047	76	845,89	2	13430	15	33	2	5600
2048	89	0	2	21060	25	27	1	14600
2049	80	0	1	24260	8	37	2	10100
2050	75	870,67	2	5150	5	38	1	3000
2051	78	273,03	1	15530	10	41	1	8300
2052	89	0	1	16340	23	61	2	12400
2053	83	434,72	1	6940	14	19	0	7100
2054	77	0	2	3310	14	30	0	5800
2055	83	0	1	14350	25	36	1	12000
2056	81	0	2	3980	16	31	0	3800
2057	74	2408,09	3	21680	17	28	1	9300
2058	96	0	2	7670	10	25	1	11400
2059	86	0	1	21740	25	22	3	14600
2060	60	1828,39	2	15780	16	40	0	4900
2061	82	4148,73	2	10200	16	53	1	10000
2062	78	0	3	17270	10	27	1	9100
2063	79	0	2	20260	23	38	2	11600
2064	83	0	1	21740	19	41	2	15300
2065	94	0	1	20170	8	30	2	14400
2066	78	1716,99	2	9760	19	38	1	8000
2067	80	0	2	16690	17	25	2	12400
2068	76	1390,71	2	3560	21	36	1	3300
2069	76	654,08	2	10820	14	27	3	5500
2070	70	0	2	5050	3	58	2	3200
2071	71	2834,05	2	3650	17	18	2	4600
2072	86	0	1	8230	13	25	2	8600
2073	85	0	1	8640	18	44	0	9700
2074	83	0	2	8750	12	44	2	8500
2075	70	5619,71	2	17600	15	32	1	7600
2076	82	0	1	6070	19	35	0	7700
2077	71	3133,42	2	4680	12	21	1	5000
2078	69	1937,7	3	5350	7	54	2	1000
2079	73	1754,59	2	7410	17	28	1	7000
2080	78	0	1	5870	4	30	1	5400
2081	79	577,23	3	4390	12	28	2	4600
2082	63	1221,14	2	3310	12	20	1	1000
2083	73	187,71	3	14280	20	61	0	5300
2084	78	0	2	18020	12	26	1	8600
2085	81	139,34	2	15350	29	42	1	10600
2086	88	0	2	21990	14	48	3	14800
2087	77	1328,34	2	18660	11	22	1	10600
2088	92	0	1	13930	24	37	0	15500
2089	84	0	1	6840	17	43	2	8200
2090	81	0	2	7460	13	20	1	7800
2091	64	5748,24	2	5990	5	31	2	2800
2092	92	0	1	14010	24	32	2	15300
2093	87	0	1	16210	23	36	1	13400
2094	84	0	2	9110	17	44	0	9600
2095	86	0	1	16570	12	60	1	13900
2096	89	0	2	11320	17	38	2	11300
2097	90	2977,13	2	11030	19	34	2	16100
2098	87	0	1	12080	11	25	0	10500
2099	90	0	2	12950	19	32	1	10200
2100	75	1545,34	2	3890	21	55	0	4600
2101	78	57,82	3	9700	15	30	2	7600
2102	84	450,65	2	15370	6	20	1	10900
2103	77	862,48	4	7320	14	62	1	6600
2104	92	0	1	16700	18	60	1	14900
2105	71	371,14	4	11140	5	22	1	4700
2106	80	0	2	15120	12	66	2	8100
2107	70	0	2	11440	8	27	0	4600
2108	80	0	2	10920	9	46	1	6400
2109	79	350,79	2	14100	13	62	2	10500
2110	84	0	2	4200	11	44	0	7600
2111	67	2790,96	4	0	4	23	0	1000
2112	65	7266,85	3	1440	11	19	1	1000
2113	91	0	1	4630	17	22	0	10600
2114	75	1532,23	2	9970	2	28	0	7300
2115	79	2095,19	2	18380	16	20	3	9900
2116	78	0	1	11290	22	39	1	9800
2117	81	64,94	2	6570	19	37	1	7100
2118	80	1546,31	3	10710	9	48	1	6600
2119	76	1319,58	1	2700	20	33	2	6200
2120	92	0	1	8970	12	31	3	14200
2121	85	0	2	23720	25	33	0	16000
2122	92	0	1	16920	15	30	1	14000
2123	85	0	1	12480	26	41	1	12900
2124	63	5201,36	3	8630	21	36	1	2100
2125	65	1671,75	4	10350	2	41	1	2100
2126	87	0	2	3020	17	43	2	5600
2127	70	919,89	2	19630	16	32	1	6400
2128	76	702,8	3	5880	7	64	1	1000
2129	66	1535,11	3	2010	11	32	0	1000
2130	89	0	1	9550	17	22	1	9000
2131	95	0	1	5410	19	24	0	13100
2132	82	0	2	9920	18	21	0	9500
2133	78	1288,59	2	14490	19	21	0	8600
2134	85	0	2	4160	16	36	0	4100
2135	84	0	2	2680	13	41	1	4500
2136	69	2684,12	3	10220	10	57	1	3500
2137	80	2986,45	2	8070	19	27	2	8400
2138	77	2329	3	6550	10	24	1	6900
2139	80	0	1	7920	18	23	1	6700
2140	86	0	2	8980	22	21	0	9100
2141	80	230,23	2	2620	21	33	1	5500
2142	90	0	1	19320	11	34	1	15300
2143	88	0	1	15350	21	32	1	12500
2144	89	0	2	11020	13	37	0	12600
2145	65	3215	3	7390	15	35	0	4300
2146	63	1683,65	2	3710	18	31	0	1000
2147	78	1231,21	2	10530	25	59	1	8900
2148	84	0	2	8450	15	47	3	8400
2149	84	0	2	13530	15	45	2	11000
2150	64	3461,68	2	8840	13	29	1	1400
2151	77	646,91	2	13330	14	40	3	6800
2152	81	0	2	8820	20	26	2	8500
2153	67	4124,42	4	7480	14	43	1	3400
2154	85	430,59	2	13650	5	58	1	11500
2155	85	0	2	27100	29	19	0	16100
2156	70	0	3	3440	7	18	1	1300
2157	88	0	1	15640	15	34	1	11500
2158	88	89,1	2	13030	21	18	0	12500
2159	88	0	2	11970	14	35	1	12800
2160	86	393,31	1	16930	22	46	1	15800
2161	83	0	3	5620	26	24	1	6100
2162	81	0	2	9390	16	52	0	8200
2163	78	0	4	7050	10	25	0	3400
2164	83	0	1	11770	14	19	1	10400
2165	87	0	2	15140	18	41	1	12600
2166	84	0	2	6870	12	25	1	7100
2167	87	0	1	13770	16	38	1	11100
2168	87	0	2	19510	14	31	1	15500
2169	72	7566,04	2	12410	10	20	2	5500
2170	79	40,95	2	10830	25	27	1	8400
2171	78	342,35	1	5450	12	36	2	3100
2172	72	948,01	2	19010	13	27	0	8800
2173	76	0	3	11600	21	59	1	9200
2174	72	4762,72	2	3760	20	61	1	4900
2175	81	0	1	18530	19	21	1	10100
2176	74	1276,38	3	12860	9	34	2	6100
2177	85	468,77	2	15230	17	39	1	9900
2178	60	3977,39	3	9130	12	34	1	2800
2179	79	0	2	5010	15	30	1	4000
2180	79	0	1	6540	12	43	1	4900
2181	77	1799,52	2	6220	17	30	1	4500
2182	79	0	2	7130	15	39	1	5400
2183	91	0	2	17190	11	36	1	14300
2184	78	0	2	18760	17	27	0	9500
2185	69	0	3	7960	18	50	1	3900
2186	81	0	3	5280	21	47	0	5300
2187	82	0	1	3050	18	38	2	6200
2188	78	536,4	2	8130	14	27	0	4700
2189	83	0	2	3800	15	23	0	6400
2190	78	1996,98	1	4170	18	44	2	8100
2191	89	0	1	18100	19	27	1	15600
2192	77	0	2	14710	12	29	0	8400
2193	81	682,11	1	12890	17	20	1	11700
2194	67	931,51	3	14060	17	30	0	6800
2195	84	0	3	15620	6	55	1	8900
2196	82	0	1	4560	16	40	2	5900
2197	77	709,52	1	8620	20	43	2	8200
2198	85	2011,57	2	10910	20	20	0	9700
2199	90	0	1	15900	21	39	0	15000
2200	76	4153,14	3	2090	3	30	1	2700
2201	83	887,42	2	14490	17	27	1	12400
2202	86	0	2	8030	22	35	1	10000
2203	75	0	4	13080	11	42	1	6100
2204	77	0	2	11940	15	27	1	5900
2205	68	2828,4	2	10670	14	20	1	5300
2206	82	1237,28	3	4410	9	38	1	7200
2207	54	5630,2	3	6660	14	30	1	1000
2208	87	0	2	11050	27	26	0	14100
2209	74	501,61	2	8310	16	34	1	5400
2210	76	39,7	2	19610	19	21	1	11700
2211	77	0	2	8360	12	32	1	8700
2212	93	0	2	23360	12	27	1	16000
2213	81	0	2	15500	14	36	0	10300
2214	87	0	1	25860	21	40	1	15200
2215	84	640,02	2	8750	11	42	2	9800
2216	91	0	1	9150	15	55	0	12200
2217	79	868,52	2	20350	8	60	1	9300
2218	78	0	1	6770	20	55	0	3700
2219	83	278,16	3	11660	6	25	1	9500
2220	83	0	2	5820	16	30	0	6600
2221	86	0	3	9340	18	35	1	12200
2222	78	0	1	16600	15	36	0	7200
2223	67	1049,37	2	1890	9	44	2	1000
2224	88	0	1	12950	13	59	2	12100
2225	75	890,36	1	4660	10	26	2	4500
2226	83	0	1	9460	18	26	0	10300
2227	78	732,99	2	7180	22	38	0	6600
2228	84	0	3	6440	22	42	1	6800
2229	80	0	2	15370	18	20	1	10400
2230	74	859,97	2	5820	11	24	0	2500
2231	80	0	2	7880	11	29	1	7300
2232	84	457,39	4	5510	8	43	0	8400
2233	90	0	2	4940	13	19	2	9200
2234	84	0	2	8260	20	36	0	9000
2235	68	1053,27	3	6270	9	23	1	2700
2236	81	0	2	6370	14	35	1	4700
2237	72	193,8	2	8590	14	34	0	3700
2238	81	25,24	2	1940	12	23	0	5200
2239	80	42,45	2	5160	20	32	1	7700
2240	61	4823,46	2	4120	11	28	1	1700
2241	90	0	1	15150	20	32	1	14400
2242	83	0	2	7820	18	24	0	9100
2243	68	1053,39	2	0	13	33	2	1000
2244	74	884,96	2	10640	5	52	1	4800
2245	84	0	1	7290	12	25	1	8800
2246	64	3968,56	3	3180	10	25	1	1000
2247	76	1648,52	2	9590	13	35	1	5800
2248	75	1181,14	2	11820	21	29	1	7200
2249	85	0	2	11880	26	21	1	12100
2250	91	0	1	13260	19	21	1	13200
2251	86	0	1	14800	18	30	1	8700
2252	89	0	2	20230	14	29	1	16000
2253	75	2212,55	2	8730	19	33	2	4900
2254	83	0	1	9830	19	18	1	10700
2255	80	0	1	3560	17	29	1	6300
2256	85	0	1	20520	21	60	1	15100
2257	79	0	2	14220	15	20	0	8800
2258	79	0	2	20270	16	61	1	11500
2259	84	2765,65	1	15480	12	43	2	12200
2260	85	1604,07	2	22530	18	34	0	14400
2261	83	0	1	9910	9	22	1	7300
2262	83	175,51	2	2830	13	23	3	6800
2263	79	0	1	8320	7	34	3	7000
2264	98	0	1	11960	27	25	1	20400
2265	71	4040,48	2	10960	10	42	2	4900
2266	83	0	2	18170	12	31	0	8600
2267	82	682,87	2	17720	11	36	3	11200
2268	94	0	2	7150	10	41	1	11600
2269	67	2433,86	4	4680	3	37	2	1000
2270	70	3517,57	2	8680	12	36	2	3400
2271	81	0	2	12410	11	28	2	8700
2272	70	3962,48	2	11460	18	31	2	5000
2273	85	893,08	2	4610	9	23	0	7000
2274	83	0	2	16490	15	31	2	11000
2275	80	1806,78	2	10010	15	29	1	8400
2276	73	846,16	2	10440	13	23	1	4900
2277	73	0	1	6190	14	30	0	4300
2278	90	0	2	23290	18	26	1	14000
2279	92	0	2	14380	25	30	0	15100
2280	80	272,14	2	10300	3	25	1	8500
2281	88	0	1	13420	22	38	1	12600
2282	78	190,48	2	21160	21	65	1	10600
2283	84	0	2	10820	21	24	1	11100
2284	72	2403,99	2	11770	6	30	1	4800
2285	70	0	3	5070	10	33	1	1000
2286	90	0	2	13930	21	23	1	11000
2287	79	0	2	570	13	34	1	2700
2288	75	1207,58	1	4840	13	31	1	5600
2289	80	2118,88	2	14010	19	58	0	10700
2290	69	4699,94	2	3320	16	27	1	1400
2291	84	0	1	5770	17	48	0	10200
2292	96	0	2	6490	16	32	1	11700
2293	76	1636,26	2	9650	20	37	2	8200
2294	71	2319,93	2	2590	15	66	1	1000
2295	77	3618,19	3	19900	10	33	1	9700
2296	76	4458,48	2	10780	15	21	0	8900
2297	87	0	2	19490	10	28	2	15000
2298	84	0	2	18340	18	21	2	9500
2299	75	0	1	9430	18	18	2	6100
2300	69	853,12	1	14740	15	32	1	4400
2301	72	771,09	1	16330	14	23	1	6900
2302	88	173,38	2	8740	20	39	0	11000
2303	85	0	2	7920	22	38	0	9900
2304	89	0	2	22830	24	25	0	16200
2305	63	351,78	2	12780	5	38	0	3700
2306	79	0	2	9800	20	29	0	8100
2307	83	343,93	2	10310	13	26	1	10300
2308	67	5879,84	3	7230	11	27	1	2600
2309	78	1370,34	2	13890	14	21	1	8500
2310	85	0	3	1320	14	41	1	4200
2311	80	152,19	3	2480	10	41	1	1600
2312	89	214,36	3	7640	17	19	1	11500
2313	62	8046,69	3	4000	12	31	1	1000
2314	86	0	2	9850	22	32	1	9500
2315	84	0	1	19960	17	44	2	13600
2316	91	0	1	6170	20	24	1	10800
2317	85	0	2	11160	17	50	1	11100
2318	85	2631,68	2	11220	18	47	2	11700
2319	80	0,51	2	9990	22	33	2	7600
2320	81	974,31	2	12590	12	18	1	9200
2321	72	634,75	1	5820	12	33	1	3900
2322	73	0	1	16660	11	37	1	8100
2323	82	0	1	7810	22	39	1	7000
2324	77	1772,9	3	6130	6	29	2	4400
2325	74	1773,47	1	6710	19	22	1	4300
2326	81	37,63	1	3270	12	40	1	5600
2327	72	0	1	9610	19	27	1	7300
2328	70	3323,7	4	12920	22	36	2	6400
2329	86	0	2	10890	16	59	0	11600
2330	82	83,68	3	6290	12	21	1	5600
2331	86	0	2	14150	14	38	0	12200
2332	79	0	2	7970	6	30	0	5800
2333	87	0	1	9660	18	32	0	12700
2334	78	319,94	2	8410	20	23	0	5400
2335	83	219,77	2	8370	25	44	1	10300
2336	78	0	2	14310	19	53	1	9000
2337	80	828,52	3	8840	22	61	2	9000
2338	92	0	2	16350	14	36	1	15500
2339	86	0	2	8360	12	32	2	10400
2340	82	0	2	16530	10	40	3	8900
2341	79	2820,1	2	12010	16	62	1	10100
2342	83	0	3	7900	9	19	1	7400
2343	94	0	1	21240	15	36	1	15900
2344	82	0	2	2080	17	27	1	6000
2345	80	0	2	6050	21	26	3	6400
2346	85	0	3	16130	9	26	1	8600
2347	80	684,36	1	4410	23	61	3	5900
2348	88	0	2	11060	28	36	1	12700
2349	71	4700,93	1	5680	13	20	2	3100
2350	78	834,88	3	10380	14	35	0	9000
2351	72	4943,52	2	7130	16	39	1	4100
2352	77	653,23	2	5110	16	57	1	5000
2353	83	0	2	16470	11	25	1	12300
2354	81	0	1	18350	19	40	0	8900
2355	97	0	1	22300	20	42	1	18100
2356	74	0	1	29260	10	44	3	8600
2357	79	0	3	10360	17	28	1	5800
2358	63	4230,38	2	10700	17	23	1	6400
2359	84	0	2	9710	15	46	2	10400
2360	83	361,44	1	18250	16	57	0	11600
2361	76	150,39	3	13950	13	32	0	6700
2362	83	0	2	10350	12	30	0	7500
2363	87	0	2	8200	17	53	0	7900
2364	77	0	2	5710	9	31	0	5200
2365	83	0	1	14350	12	23	1	11400
2366	73	4698,66	2	3170	11	28	0	2800
2367	94	0	1	16940	12	29	1	16500
2368	79	0	2	9650	13	37	1	6900
2369	72	396	1	11700	26	32	1	6300
2370	80	0	2	8780	19	62	2	6500
2371	75	1499,95	2	5660	7	29	1	1900
2372	86	0	2	10200	14	40	0	10000
2373	70	1301,97	2	18090	19	32	2	7400
2374	80	0	3	4210	8	27	1	3400
2375	83	774,75	2	14010	19	34	0	10300
2376	68	2173,86	3	3140	4	19	1	1200
2377	85	0	1	21050	20	27	0	12100
2378	70	1310,54	1	6830	15	41	2	1300
2379	76	303,66	1	4290	19	42	0	7600
2380	86	0	1	22210	21	18	1	14100
2381	79	1936,01	3	4960	2	44	0	4700
2382	95	0	1	9300	11	22	0	13700
2383	81	352,99	2	12940	20	39	2	14000
2384	87	0	2	9920	19	43	1	8600
2385	57	3981,63	2	7100	9	59	1	1000
2386	77	2046,2	2	10700	12	33	1	8600
2387	72	14,11	3	3310	15	31	0	1000
2388	83	1674,82	2	4340	10	30	1	6200
2389	83	163,55	3	16030	20	36	1	11900
2390	74	3404,87	2	9810	11	34	1	6000
2391	89	0	1	5850	17	18	1	12300
2392	81	358,47	2	8910	16	40	1	7700
2393	74	352,39	3	1530	9	30	2	2500
2394	80	0	2	21850	23	25	0	8900
2395	84	770,3	3	6090	9	38	1	8000
2396	72	1643,73	2	5550	14	27	1	4200
2397	89	0	2	17250	17	49	1	14400
2398	81	978,07	2	14440	16	42	1	11600
2399	82	0	1	4410	21	34	1	5500
2400	80	541,5	2	13570	17	23	1	10000
2401	76	0	3	7100	13	33	2	4300
2402	79	547,39	2	12230	19	28	0	8200
2403	84	0	3	5610	16	36	2	5900
2404	81	1466,81	3	8000	9	32	1	9100
2405	65	2091,8	2	3440	12	46	0	1000
2406	86	1448,91	2	10350	15	19	0	12100
2407	76	568,39	2	3900	17	23	1	3300
2408	87	0	1	14000	21	41	1	12900
2409	82	1298,58	2	24390	20	49	1	14100
2410	81	1031,92	4	9800	23	54	3	8000
2411	86	633,72	3	11830	17	30	0	11100
2412	87	0	2	9390	18	35	1	9300
2413	82	2967,49	3	11160	15	32	1	10100
2414	91	0	1	29800	26	25	1	19300
2415	87	0	2	6950	20	43	2	9900
2416	81	0	2	10680	10	29	1	6700
2417	88	0	3	3780	13	35	0	11400
2418	80	1006,18	2	13330	11	32	0	9900
2419	89	0	2	8250	22	35	1	12700
2420	91	0	2	12110	14	24	2	13100
2421	88	0	2	5830	14	36	3	6700
2422	72	0	2	16090	16	29	1	6400
2423	79	0	1	9020	18	36	1	6400
2424	77	0	2	6410	7	28	1	4400
2425	78	0	2	5900	14	59	1	6400
2426	81	0	2	7030	15	27	1	6100
2427	69	2832,48	3	7290	11	32	1	3400
2428	85	0	3	1000	16	24	1	6400
2429	68	3567,54	3	12780	14	30	1	5300
2430	84	284,47	1	12940	20	18	0	12100
2431	68	2145,94	2	6780	13	25	0	2200
2432	76	528,38	2	9650	18	60	1	7200
2433	71	1664,2	3	8780	13	21	1	4900
2434	81	115,09	2	11060	13	33	1	9000
2435	86	2818,09	3	5470	13	34	0	9100
2436	93	0	1	19920	22	40	0	15600
2437	71	0	2	16520	5	34	1	7200
2438	86	354,91	1	9100	21	18	1	11400
2439	83	0	2	14180	6	26	1	9300
2440	85	0	1	7440	19	62	1	7300
2441	86	0	2	20550	19	48	2	11900
2442	77	682,06	2	7500	10	39	0	5900
2443	74	2893,15	3	8340	14	27	1	5000
2444	86	0	1	12200	7	40	0	10600
2445	69	5599,75	2	12030	14	35	3	6400
2446	89	0	1	12050	18	61	1	10800
2447	77	2109,62	3	3140	16	37	1	4200
2448	67	2238,1	4	4160	2	36	2	1000
2449	72	925,01	3	7510	14	62	0	3200
2450	73	1044,45	2	11360	11	36	2	8200
2451	89	0	2	25440	16	32	1	18900
2452	86	0	2	21730	9	54	2	11400
2453	89	0	1	13590	20	19	1	14200
2454	77	2390,21	4	3000	17	39	1	4000
2455	89	0	1	8460	10	40	1	10300
2456	80	2252,88	3	8400	14	35	1	7000
2457	84	0	2	17340	22	33	1	9500
2458	64	4566,77	4	8780	16	57	1	1600
2459	85	0	1	14490	12	61	1	9900
2460	74	1542,91	1	3530	30	26	1	2900
2461	80	2163,72	2	6210	21	37	0	8300
2462	93	0	2	8620	24	36	0	10600
2463	85	0	2	5590	17	26	0	8400
2464	84	0	2	6140	13	26	0	8800
2465	85	0	2	12600	13	33	2	12000
2466	72	2051,14	2	9710	12	31	1	5100
2467	73	1823,9	4	6680	14	59	0	3800
2468	85	0	2	18090	20	44	1	12000
2469	84	0	1	17050	17	21	1	13000
2470	88	0	2	6080	12	34	1	10100
2471	81	0	2	13460	10	54	2	7900
2472	86	0	2	16150	20	38	0	13600
2473	83	0	2	8340	16	24	1	7800
2474	79	0	1	12160	16	35	2	8700
2475	85	0	3	8480	17	59	2	7800
2476	87	0	2	11430	23	19	2	10300
2477	75	318,89	2	3190	9	28	2	3000
2478	74	293,79	2	9930	19	54	1	4400
2479	76	520,47	3	14150	16	58	0	9100
2480	66	0	3	4140	6	39	3	1000
2481	87	0	1	11040	12	35	0	10600
2482	86	734,2	3	12540	11	35	0	11700
2483	80	4994,68	4	15410	11	27	1	10900
2484	85	442,11	2	7320	24	53	1	7400
2485	80	2353,97	2	12800	19	25	3	9200
2486	82	0	2	2600	8	33	0	5100
2487	81	0	1	10070	10	27	1	6200
2488	78	2061,7	2	6200	15	34	0	5900
2489	91	0	2	7830	4	18	2	8400
2490	69	2851,8	3	8540	10	32	2	4100
2491	75	1909,93	2	16180	24	42	2	9700
2492	85	0	1	8200	8	45	0	10600
2493	82	2347,92	2	15860	15	58	1	11200
2494	81	0	3	4170	13	37	0	2700
2495	71	1119,3	2	3200	13	28	2	3100
2496	79	1881,95	4	0	13	40	1	2700
2497	76	269,58	1	13050	23	62	0	8100
2498	82	0	2	9070	14	50	1	8600
2499	89	323,4	3	6680	14	29	1	9800
2500	81	0	2	11360	18	36	2	10400
