id_titulo
1
2
5
7
8
10
11
12
14
15
16
18
21
22
28
29
30
31
32
33
34
37
38
40
41
46
47
50
51
53
54
58
59
60
61
64
65
68
71
72
73
74
75
76
78
79
80
81
84
85
86
87
89
92
95
99
106
109
110
115
118
120
122
124
125
126
127
129
132
133
134
135
143
144
147
148
154
155
156
157
158
164
165
168
169
170
171
172
174
176
178
183
184
185
186
194
197
198
199
204
207
208
209
210
211
212
216
221
224
225
226
228
229
232
233
236
237
241
242
247
248
251
253
255
257
259
260
261
267
269
270
273
275
278
280
281
282
283
284
288
294
296
298
301
304
305
306
307
308
310
314
315
317
321
323
325
330
331
336
338
341
347
353
354
355
358
360
361
364
365
367
372
374
377
378
381
382
385
386
387
389
390
394
397
399
400
402
403
406
407
409
416
418
422
425
428
429
431
432
437
438
439
441
442
443
446
447
451
455
460
461
462
463
465
467
468
470
472
475
476
478
479
481
482
486
487
488
491
492
493
496
497
498
499
501
502
504
506
509
514
515
516
517
518
520
521
522
526
527
528
529
531
532
535
538
541
545
546
552
553
555
556
557
559
562
563
566
567
570
571
574
575
576
578
582
585
589
590
592
593
595
596
597
598
608
610
612
613
614
620
622
623
626
627
628
632
638
640
646
647
648
649
651
652
657
658
663
664
665
666
668
671
673
676
680
682
685
687
689
690
691
694
695
696
697
698
699
700
701
704
708
714
715
721
722
723
724
725
726
727
730
731
734
735
736
740
742
743
744
745
752
753
755
756
757
758
759
761
763
765
768
769
771
777
779
783
784
787
788
791
792
793
795
798
800
804
807
811
812
813
817
818
820
821
823
824
825
828
833
834
836
837
838
840
842
843
844
847
851
857
864
865
870
871
875
878
882
886
891
894
895
896
897
900
902
903
907
908
910
911
912
915
916
919
920
921
922
923
927
929
930
934
938
942
943
944
946
947
948
949
960
961
963
965
966
967
969
971
972
973
974
976
977
978
980
982
984
985
988
989
990
994
1003
1004
1006
1008
1011
1016
1017
1020
1023
1024
1026
1027
1033
1044
1047
1048
1050
1051
1052
1053
1054
1055
1056
1058
1059
1060
1064
1067
1069
1071
1074
1076
1078
1080
1082
1083
1085
1091
1092
1093
1095
1098
1103
1104
1106
1111
1115
1118
1122
1128
1129
1135
1137
1139
1143
1148
1150
1155
1158
1160
1161
1167
1169
1170
1172
1173
1174
1176
1178
1180
1181
1182
1186
1190
1191
1192
1193
1195
1197
1208
1210
1214
1217
1218
1220
1224
1225
1228
1229
1230
1231
1233
1236
1238
1240
1241
1242
1243
1247
1248
1255
1258
1262
1263
1267
1268
1272
1274
1276
1277
1279
1280
1282
1283
1285
1286
1288
1289
1290
1291
1293
1297
1300
1301
1302
1303
1304
1308
1309
1310
1311
1313
1316
1317
1320
1321
1326
1327
1328
1330
1333
1335
1336
1337
1341
1345
1346
1348
1352
1353
1354
1355
1356
1357
1360
1361
1366
1370
1371
1372
1375
1377
1381
1383
1384
1387
1388
1389
1391
1393
1395
1396
1403
1404
1407
1409
1410
1411
1412
1413
1417
1418
1419
1421
1423
1424
1425
1430
1431
1432
1433
1434
1435
1436
1440
1443
1446
1450
1451
1452
1455
1458
1459
1465
1466
1467
1468
1469
1470
1473
1474
1476
1478
1479
1483
1484
1487
1489
1490
1493
1497
1498
1501
1503
1514
1515
1517
1519
1521
1525
1527
1528
1532
1533
1534
1537
1541
1542
1546
1547
1557
1560
1566
1567
1568
1572
1574
1575
1576
1577
1580
1581
1591
1597
1599
1600
1601
1603
1605
1607
1611
1612
1613
1614
1619
1621
1622
1624
1626
1627
1630
1631
1632
1634
1635
1636
1637
1638
1639
1642
1643
1644
1647
1648
1649
1652
1653
1656
1662
1663
1667
1668
1669
1671
1672
1674
1676
1679
1682
1687
1688
1689
1690
1693
1694
1697
1698
1699
1702
1705
1706
1709
1712
1713
1717
1721
1722
1724
1725
1726
1731
1732
1734
1735
1738
1741
1744
1745
1746
1747
1749
1750
1755
1758
1759
1761
1762
1763
1766
1768
1771
1772
1773
1777
1779
1781
1783
1784
1785
1786
1787
1788
1790
1795
1798
1800
1802
1804
1812
1817
1819
1821
1823
1825
1828
1830
1831
1834
1835
1836
1837
1840
1841
1842
1845
1847
1849
1850
1853
1854
1855
1858
1859
1860
1862
1864
1868
1869
1871
1873
1876
1883
1885
1886
1892
1893
1896
1901
1902
1903
1904
1905
1909
1912
1913
1916
1919
1920
1921
1923
1924
1925
1929
1930
1937
1938
1942
1944
1946
1950
1951
1953
1956
1957
1960
1961
1962
1964
1965
1968
1970
1971
1974
1976
1977
1983
1986
1987
1988
1989
1990
1992
1993
1994
1995
1996
1997
1999
2000
2003
2008
2011
2014
2017
2020
2024
2026
2028
2031
2039
2041
2042
2043
2045
2048
2050
2051
2053
2056
2058
2059
2060
2064
2066
2068
2069
2070
2071
2073
2076
2078
2080
2083
2084
2088
2089
2091
2093
2094
2095
2097
2099
2100
2101
2102
2103
2106
2107
2110
2112
2114
2115
2116
2119
2122
2125
2127
2130
2132
2133
2134
2136
2138
2139
2140
2141
2143
2144
2145
2146
2151
2152
2155
2160
2161
2162
2164
2166
2167
2169
2172
2173
2176
2178
2180
2182
2186
2187
2188
2190
2191
2193
2194
2196
2198
2200
2203
2205
2206
2207
2208
2209
2210
2211
2213
2216
2217
2218
2219
2220
2221
2222
2224
2225
2228
2230
2231
2235
2238
2240
2242
2243
2245
2246
2247
2248
2249
2250
2253
2257
2258
2260
2261
2265
2266
2267
2268
2269
2272
2281
2283
2284
2285
2287
2288
2292
2294
2295
2296
2297
2298
2300
2301
2302
2303
2304
2305
2306
2308
2310
2315
2316
2317
2318
2322
2323
2327
2328
2333
2334
2337
2340
2341
2342
2343
2344
2349
2356
2358
2363
2364
2368
2370
2372
2375
2377
2379
2380
2381
2383
2384
2385
2386
2388
2390
2393
2396
2400
2401
2402
2403
2407
2410
2412
2413
2418
2423
2424
2425
2433
2435
2440
2442
2443
2444
2447
2451
2455
2457
2461
2462
2464
2466
2467
2469
2475
2481
2482
2484
2491
2492
2494
2495
2498
2500
2501
2504
2506
2507
2510
2511
2513
2514
2518
2520
2521
2523
2524
2525
2526
2527
2529
2532
2534
2535
2536
2537
2538
2539
2540
2541
2542
2543
2544
2547
2548
2549
2555
2559
2565
2567
2568
2570
2571
2572
2574
2576
2577
2578
2580
2581
2583
2586
2587
2589
2590
2591
2593
2595
2598
2599
2602
2604
2605
2606
2609
2610
2611
2613
2614
2618
2619
2622
2623
2627
2629
2632
2640
2645
2646
2647
2650
2652
2655
2658
2660
2661
2662
2663
2664
2665
2667
2669
2670
2672
2673
2674
2676
2677
2685
2689
2692
2693
2694
2697
2700
2704
2706
2707
2712
2714
2718
2719
2720
2724
2727
2729
2730
2731
2740
2743
2745
2749
2751
2752
2754
2758
2761
2762
2763
2764
2765
2768
2770
2771
2774
2776
2777
2778
2780
2781
2783
2784
2789
2790
2796
2797
2799
2804
2805
2808
2810
2811
2815
2820
2822
2825
2829
2836
2837
2839
2841
2843
2845
2846
2848
2850
2853
2860
2861
2864
2865
2866
2868
2869
2874
2876
2877
2878
2881
2882
2883
2885
2891
2892
2893
2894
2896
2897
2899
2900
2901
2903
2904
2906
2909
2911
2912
2913
2914
2918
2921
2922
2923
2925
2926
2928
2929
2930
2935
2937
2940
2943
2945
2948
2949
2951
2953
2956
2959
2960
2968
2969
2972
2973
2977
2978
2979
2983
2985
2986
2987
2992
2994
3001
3003
3006
3008
3009
3013
3014
3018
3019
3020
3023
3024
3025
3029
3030
3032
3034
3035
3037
3038
3040
3043
3048
3050
3051
3053
3056
3058
3061
3062
3063
3065
3067
3069
3071
3072
3073
3076
3077
3078
3079
3082
3084
3088
3089
3090
3092
3093
3096
3097
3098
3099
3104
3108
3109
3111
3112
3115
3118
3121
3122
3125
3130
3131
3133
3137
3141
3144
3146
3151
3152
3153
3155
3156
3158
3159
3160
3162
3163
3164
3165
3166
3167
3168
3170
3175
3176
3177
3178
3179
3182
3188
3189
3193
3196
3198
3200
3201
3202
3203
3204
3207
3210
3212
3213
3214
3215
3216
3217
3219
3220
3221
3223
3225
3226
3230
3232
3233
3234
3235
3238
3241
3242
3243
3245
3247
3249
3250
3253
3254
3260
3261
3263
3265
3267
3268
3269
3272
3276
3277
3278
3284
3288
3289
3290
3298
3299
3300
3302
3303
3304
3306
3310
3314
3315
3316
3320
3321
3324
3326
3327
3328
3330
3332
3333
3334
3335
3338
3342
3344
3346
3349
3350
3351
3352
3357
3358
3359
3361
3364
3368
3369
3370
3372
3373
3374
3376
3377
3378
3379
3381
3385
3386
3388
3389
3392
3396
3398
3401
3404
3405
3412
3413
3414
3416
3417
3418
3425
3427
3430
3431
3434
3437
3438
3445
3447
3450
3452
3455
3458
3459
3460
3462
3464
3466
3467
3468
3469
3470
3475
3476
3477
3478
3480
3482
3483
3484
3489
3490
3494
3495
3496
3501
3505
3506
3509
3510
3520
3521
3522
3524
3526
3529
3531
3532
3538
3539
3540
3542
3543
3544
3546
3547
3550
3554
3556
3558
3559
3560
3562
3564
3565
3566
3567
3571
3573
3574
3580
3581
3583
3584
3586
3587
3588
3589
3593
3597
3599
3603
3604
3609
3610
3613
3615
3616
3617
3619
3622
3624
3625
3626
3627
3629
3630
3632
3637
3638
3639
3645
3646
3647
3649
3652
3654
3660
3664
3665
3667
3676
3680
3681
3684
3685
3688
3690
3692
3693
3694
3698
3699
3700
3703
3704
3707
3708
3715
3716
3717
3719
3721
3724
3725
3726
3729
3730
3732
3733
3734
3735
3736
3737
3738
3739
3744
3746
3748
3749
3754
3756
3757
3762
3764
3775
3776
3779
3781
3784
3786
3787
3789
3791
3792
3793
3796
3798
3799
3800
3801
3802
3804
3806
3807
3808
3809
3811
3812
3817
3818
3824
3826
3830
3831
3837
3838
3839
3843
3844
3851
3853
3854
3860
3861
3862
3863
3864
3870
3873
3874
3876
3877
3878
3880
3882
3884
3885
3890
3895
3896
3897
3898
3901
3903
3904
3905
3907
3908
3909
3910
3915
3920
3925
3926
3928
3931
3932
3934
3937
3938
3940
3946
3949
3951
3953
3954
3955
3956
3957
3961
3962
3966
3972
3975
3976
3977
3979
3981
3982
3983
3984
3987
3989
3990
3993
3995
3996
3998
4000
4002
4004
4007
4009
4013
4014
4015
4017
4018
4019
4021
4022
4024
4025
4027
4030
4031
4037
4040
4042
4044
4047
4049
4050
4052
4054
4055
4062
4065
4067
4074
4075
4076
4078
4079
4080
4083
4084
4085
4086
4087
4090
4093
4094
4098
4102
4106
4108
4110
4115
4117
4118
4119
4120
4121
4122
4123
4124
4125
4134
4137
4138
4139
4141
4142
4146
4149
4155
4160
4161
4162
4164
4167
4168
4169
4173
4174
4175
4176
4177
4178
4179
4183
4185
4194
4195
4196
4197
4200
4201
4203
4204
4205
4206
4207
4208
4209
4212
4214
4219
4221
4225
4228
4229
4230
4234
4235
4240
4242
4244
4246
4248
4249
4250
4251
4254
4255
4257
4259
4260
4261
4262
4264
4265
4266
4267
4268
4271
4272
4277
4280
4282
4284
4285
4286
4290
4292
4293
4294
4295
4296
4297
4298
4300
4305
4306
4307
4316
4318
4319
4322
4326
4330
4331
4334
4335
4338
4341
4343
4344
4349
4355
4356
4357
4358
4360
4362
4363
4365
4368
4369
4370
4372
4373
4375
4376
4377
4379
4380
4382
4383
4393
4395
4396
4398
4401
4403
4404
4405
4406
4407
4408
4409
4410
4411
4412
4414
4415
4419
4420
4421
4424
4426
4427
4428
4431
4435
4436
4437
4438
4442
4443
4444
4446
4447
4448
4451
4457
4459
4460
4463
4467
4469
4470
4471
4474
4476
4477
4481
4482
4484
4485
4486
4488
4491
4495
4498
4502
4504
4508
4509
4510
4511
4512
4513
4514
4516
4517
4518
4519
4520
4522
4523
4525
4526
4527
4532
4534
4535
4537
4539
4540
4542
4543
4546
4549
4554
4555
4556
4557
4558
4560
4562
4566
4568
4569
4571
4572
4573
4574
4575
4576
4580
4583
4585
4587
4589
4591
4593
4594
4598
4601
4602
4603
4604
4608
4610
4611
4614
4615
4617
4618
4619
4620
4622
4623
4624
4625
4626
4630
4632
4639
4643
4646
4647
4649
4656
4661
4662
4664
4667
4668
4669
4671
4672
4673
4679
4683
4685
4686
4689
4691
4699
4700
4701
4709
4711
4714
4715
4718
4719
4721
4728
4730
4732
4733
4736
4737
4738
4748
4749
4750
4751
4754
4755
4756
4757
4758
4762
4764
4770
4772
4773
4774
4775
4776
4777
4779
4780
4782
4783
4784
4785
4787
4792
4796
4798
4799
4801
4803
4804
4807
4808
4810
4812
4813
4815
4816
4817
4818
4820
4821
4822
4824
4825
4827
4830
4831
4832
4833
4835
4836
4837
4838
4839
4840
4842
4844
4845
4847
4848
4849
4853
4854
4856
4859
4862
4865
4866
4868
4871
4872
4874
4875
4877
4878
4879
4881
4883
4884
4887
4888
4891
4892
4895
4899
4901
4902
4903
4905
4909
4910
4911
4913
4917
4919
4921
4922
4924
4925
4928
4931
4934
4936
4937
4938
4944
4945
4947
4950
4952
4953
4954
4957
4960
4968
4969
4970
4971
4972
4974
4977
4979
4981
4983
4986
4988
4989
4991
4992
4994
4996
4997
5001
5002
5003
5004
5011
5013
5016
5018
5023
5024
5027
5029
5030
5032
5033
5035
5038
5039
5041
5042
5044
5046
5047
5048
5053
5054
5055
5057
5060
5062
5066
5067
5071
5072
5074
5075
5076
5077
5078
5079
5080
5087
5088
5091
5094
5095
5103
5110
5113
5114
5116
5117
5121
5125
5126
5130
5131
5133
5136
5137
5140
5141
5148
5149
5150
5152
5153
5155
5156
5157
5160
5165
5168
5173
5175
5176
5180
5181
5183
5184
5188
5189
5194
5200
5202
5203
5204
5206
5210
5211
5213
5215
5220
5221
5224
5225
5227
5229
5230
5236
5237
5240
5241
5244
5250
5252
5253
5254
5256
5257
5259
5260
5262
5264
5265
5267
5268
5269
5271
5272
5273
5275
5276
5277
5279
5284
5287
5288
5289
5291
5293
5296
5297
5298
5300
5303
5304
5305
5306
5310
5314
5317
5322
5323
5325
5329
5330
5331
5332
5333
5336
5337
5338
5339
5344
5345
5347
5350
5353
5357
5358
5359
5360
5361
5362
5363
5370
5372
5375
5376
5378
5384
5385
5386
5391
5392
5394
5395
5396
5399
5405
5409
5411
5413
5414
5416
5419
5420
5421
5428
5432
5433
5436
5438
5440
5446
5447
5448
5450
5451
5454
5455
5457
5459
5462
5465
5466
5467
5469
5474
5476
5478
5479
5480
5486
5487
5489
5493
5494
5497
5499
5501
5502
5504
5505
5506
5507
5511
5513
5516
5517
5518
5519
5522
5523
5524
5525
5528
5535
5536
5537
5540
5541
5545
5551
5552
5555
5557
5565
5568
5569
5574
5575
5578
5579
5580
5581
5585
5587
5591
5592
5593
5600
5601
5602
5603
5604
5606
5607
5613
5615
5618
5620
5621
5625
5626
5628
5630
5632
5633
5636
5637
5639
5640
5641
5642
5646
5652
5661
5665
5666
5669
5671
5672
5676
5678
5680
5687
5688
5689
5693
5694
5696
5697
5698
5700
5702
5704
5705
5706
5707
5709
5713
5720
5721
5722
5726
5727
5731
5735
5736
5737
5744
5745
5747
5749
5750
5754
5761
5762
5763
5768
5769
5772
5774
5775
5779
5780
5783
5785
5787
5790
5791
5793
5794
5795
5796
5799
5800
5801
5803
5805
5807
5808
5811
5813
5814
5815
5817
5818
5819
5821
5828
5831
5832
5833
5836
5837
5839
5843
5844
5845
5847
5850
5851
5853
5854
5856
5865
5868
5869
5870
5871
5872
5874
5875
5876
5879
5893
5895
5896
5897
5898
5899
5901
5903
5905
5913
5920
5921
5922
5923
5928
5933
5938
5941
5942
5943
5948
5949
5953
5955
5958
5960
5966
5967
5969
5973
5975
5979
5982
5983
5984
5986
5990
5999
6001
6004
6005
6007
6008
6009
6012
6013
6016
6018
6022
6025
6027
6028
6029
6030
6032
6033
6039
6040
6041
6042
6047
6049
6051
6052
6058
6060
6065
6066
6070
6071
6077
6080
6081
6083
6085
6087
6089
6091
6093
6094
6095
6096
6097
6099
6100
6101
6104
6105
6108
6109
6110
6111
6113
6119
6123
6124
6127
6129
6131
6133
6134
6137
6140
6143
6144
6146
6152
6155
6156
6157
6160
6161
6162
6163
6165
6167
6171
6172
6174
6175
6176
6179
6180
6183
6185
6186
6189
6192
6193
6196
6200
6201
6202
6204
6207
6210
6214
6215
6216
6218
6219
6220
6222
6224
6225
6227
6229
6239
6240
6243
6245
6246
6248
6253
6255
6256
6260
6261
6262
6267
6269
6271
6273
6274
6277
6280
6286
6289
6290
6292
6294
6295
6296
6298
6301
6302
6303
6304
6308
6311
6312
6313
6315
6317
6319
6320
6321
6326
6328
6330
6331
6332
6334
6335
6336
6339
6341
6342
6343
6345
6346
6348
6349
6350
6352
6354
6356
6358
6360
6362
6363
6366
6368
6369
6371
6374
6376
6382
6383
6384
6387
6388
6389
6391
6397
6398
6405
6408
6411
6413
6418
6419
6422
6423
6425
6427
6429
6431
6433
6435
6437
6439
6442
6444
6445
6448
6449
6450
6451
6452
6454
6455
6456
6457
6458
6459
6460
6461
6462
6463
6464
6467
6471
6472
6475
6477
6482
6484
6486
6488
6491
6492
6496
6498
6501
6504
6506
6508
6509
6511
6512
6514
6516
6518
6529
6534
6535
6537
6538
6542
6543
6549
6550
6555
6556
6557
6558
6559
6564
6565
6566
6567
6568
6570
6571
6572
6573
6574
6576
6577
6578
6580
6581
6582
6584
6585
6588
6589
6597
6598
6599
6601
6603
6607
6608
6610
6612
6613
6616
6617
6621
6622
6624
6627
6630
6631
6634
6637
6639
6641
6645
6646
6651
6654
6655
6657
6660
6661
6662
6663
6664
6667
6669
6673
6677
6678
6679
6682
6685
6691
6693
6694
6696
6697
6699
6702
6703
6704
6707
6708
6709
6710
6711
6712
6718
6719
6720
6721
6723
6724
6726
6729
6732
6733
6739
6740
6741
6748
6749
6750
6753
6758
6759
6761
6764
6767
6768
6770
6772
6776
6777
6783
6784
6786
6789
6790
6794
6795
6796
6803
6804
6805
6806
6808
6810
6812
6814
6815
6817
6820
6822
6824
6826
6827
6828
6829
6831
6834
6835
6839
6845
6846
6848
6849
6850
6851
6853
6854
6855
6856
6857
6859
6861
6863
6867
6871
6872
6876
6877
6880
6886
6888
6889
6892
6893
6898
6903
6906
6910
6911
6913
6914
6916
6919
6921
6925
6926
6927
6930
6932
6934
6937
6939
6940
6943
6945
6947
6948
6950
6951
6954
6960
6962
6964
6965
6969
6974
6975
6979
6982
6985
6986
6989
6990
6992
6993
6995
6996
7000
7001
7003
7008
7012
7013
7018
7019
7023
7024
7027
7032
7033
7036
7039
7041
7043
7046
7047
7053
7055
7056
7062
7067
7068
7069
7076
7078
7080
7081
7082
7085
7087
7088
7090
7094
7095
7096
7098
7103
7104
7106
7111
7112
7113
7117
7120
7122
7125
7127
7129
7134
7144
7146
7147
7148
7149
7156
7158
7159
7160
7161
7162
7163
7164
7166
7168
7170
7171
7175
7177
7178
7182
7183
7184
7185
7186
7187
7189
7192
7194
7195
7196
7198
7200
7201
7203
7204
7206
7207
7208
7211
7212
7214
7215
7218
7220
7221
7222
7223
7225
7227
7232
7234
7235
7237
7241
7242
7243
7246
7247
7248
7251
7253
7254
7256
7258
7262
7263
7265
7266
7267
7268
7269
7276
7284
7285
7286
7288
7289
7291
7294
7295
7296
7301
7304
7305
7306
7307
7311
7313
7314
7316
7317
7318
7322
7323
7324
7325
7327
7328
7329
7330
7334
7335
7340
7341
7342
7345
7346
7348
7351
7352
7356
7358
7361
7363
7364
7370
7371
7372
7374
7378
7383
7384
7387
7388
7392
7393
7395
7396
7399
7401
7402
7404
7408
7409
7411
7418
7420
7424
7426
7427
7429
7432
7434
7435
7437
7439
7441
7444
7448
7454
7456
7457
7458
7460
7461
7463
7464
7465
7467
7468
7471
7472
7475
7477
7478
7481
7482
7486
7487
7490
7495
7497
7499
7500
7502
7508
7509
7511
7514
7515
7516
7517
7521
7522
7526
7529
7535
7536
7545
7548
7550
7551
7553
7554
7555
7559
7560
7567
7568
7569
7575
7577
7578
7580
7581
7582
7583
7587
7588
7590
7592
7593
7597
7602
7603
7605
7606
7609
7610
7613
7614
7615
7618
7623
7624
7625
7627
7628
7629
7631
7633
7639
7640
7642
7644
7645
7648
7650
7651
7652
7653
7654
7657
7658
7659
7664
7666
7670
7671
7672
7673
7674
7685
7687
7689
7690
7692
7693
7694
7696
7700
7702
7703
7709
7712
7713
7721
7722
7725
7726
7729
7731
7732
7736
7737
7738
7739
7744
7746
7747
7748
7750
7751
7753
7754
7760
7761
7764
7765
7769
7770
7772
7775
7776
7782
7785
7786
7787
7788
7791
7792
7793
7797
7798
7799
7801
7802
7803
7805
7806
7807
7808
7814
7815
7816
7820
7822
7825
7826
7827
7829
7830
7831
7833
7834
7836
7839
7840
7841
7842
7843
7844
7845
7848
7851
7852
7853
7856
7858
7860
7861
7862
7863
7864
7865
7866
7867
7869
7873
7874
7876
7880
7881
7883
7884
7888
7889
7892
7893
7895
7897
7900
7902
7903
7906
7907
7908
7909
7910
7911
7914
7916
7922
7923
7925
7926
7930
7932
7934
7936
7937
7941
7950
7951
7952
7959
7960
7961
7962
7963
7964
7965
7966
7969
7970
7971
7974
7975
7976
7977
7980
7984
7987
7990
7991
7994
7996
7997
7998
7999
8000
8001
8004
8006
8008
8009
8012
8013
8014
8015
8018
8021
8022
8024
8027
8029
8032
8033
8034
8035
8037
8041
8042
8044
8045
8046
8047
8050
8055
8056
8057
8058
8067
8080
8081
8086
8092
8093
8095
8098
8099
8102
8105
8107
8108
8109
8111
8113
8114
8123
8126
8128
8130
8134
8139
8140
8144
8146
8149
8150
8151
8152
8154
8157
8158
8159
8163
8164
8166
8169
8173
8174
8175
8177
8178
8185
8188
8189
8190
8191
8193
8198
8199
8200
8201
8204
8206
8207
8208
8210
8211
8212
8213
8214
8215
8217
8219
8220
8221
8225
8227
8229
8231
8232
8233
8234
8235
8237
8239
8240
8241
8243
8246
8247
8249
8251
8255
8256
8258
8259
8261
8263
8265
8268
8270
8273
8275
8277
8278
8279
8280
8282
8286
8287
8288
8290
8292
8297
8300
8303
8307
8310
8313
8316
8317
8319
8320
8322
8325
8326
8327
8328
8330
8332
8340
8342
8343
8344
8345
8348
8356
8357
8360
8361
8362
8365
8369
8370
8371
8373
8376
8377
8379
8381
8382
8385
8386
8390
8393
8394
8396
8397
8398
8399
8402
8404
8406
8408
8410
8411
8413
8414
8416
8417
8420
8422
8427
8428
8430
8433
8434
8435
8436
8438
8439
8443
8445
8446
8455
8456
8457
8458
8459
8463
8469
8474
8478
8479
8482
8483
8489
8497
8500
8502
8504
8505
8507
8509
8511
8512
8515
8516
8517
8519
8520
8526
8528
8531
8532
8534
8536
8540
8541
8544
8545
8546
8550
8551
8555
8559
8560
8561
8564
8567
8569
8580
8582
8586
8590
8592
8593
8594
8595
8597
8598
8606
8611
8612
8613
8616
8617
8618
8622
8623
8629
8632
8634
8640
8641
8644
8645
8648
8649
8650
8652
8654
8660
8661
8667
8671
8673
8674
8676
8677
8683
8684
8685
8687
8689
8691
8692
8694
8695
8698
8699
8700
8706
8709
8716
8719
8720
8724
8728
8730
8737
8738
8739
8744
8746
8747
8750
8754
8758
8761
8762
8763
8765
8768
8769
8771
8774
8777
8778
8780
8781
8782
8787
8788
8789
8790
8792
8793
8794
8795
8796
8802
8805
8807
8812
8815
8817
8821
8822
8828
8830
8833
8834
8835
8836
8838
8839
8843
8844
8845
8847
8851
8858
8859
8861
8865
8866
8867
8872
8876
8878
8881
8882
8883
8886
8888
8889
8892
8895
8897
8900
8902
8905
8907
8909
8910
8913
8914
8915
8916
8917
8919
8920
8921
8922
8924
8925
8927
8928
8931
8933
8936
8940
8941
8943
8944
8945
8951
8952
8958
8959
8960
8963
8965
8966
8967
8971
8972
8973
8975
8977
8982
8983
8984
8986
8987
8988
8990
8992
8993
9000
9001
9003
9004
9006
9007
9008
9009
9011
9016
9020
9021
9022
9024
9027
9030
9031
9033
9036
9037
9038
9044
9045
9046
9051
9056
9059
9060
9064
9065
9067
9071
9073
9074
9077
9078
9080
9082
9083
9084
9087
9089
9090
9091
9096
9097
9099
9102
9106
9109
9110
9111
9113
9114
9115
9118
9120
9121
9122
9124
9127
9129
9130
9131
9132
9133
9134
9137
9139
9140
9144
9145
9146
9147
9150
9153
9154
9155
9159
9160
9161
9163
9164
9171
9172
9174
9177
9178
9179
9181
9182
9183
9184
9186
9189
9190
9195
9197
9199
9201
9204
9207
9210
9212
9213
9215
9220
9222
9223
9227
9233
9235
9238
9239
9240
9247
9248
9249
9251
9256
9257
9261
9262
9263
9265
9266
9268
9270
9273
9277
9279
9280
9281
9282
9284
9285
9287
9288
9290
9292
9293
9295
9297
9298
9299
9303
9305
9307
9309
9310
9317
9319
9322
9323
9324
9325
9326
9327
9328
9331
9332
9333
9335
9336
9337
9339
9340
9342
9345
9346
9347
9349
9350
9352
9353
9354
9357
9358
9359
9360
9361
9363
9367
9368
9370
9371
9374
9380
9382
9385
9386
9387
9389
9390
9391
9395
9402
9403
9404
9405
9407
9409
9413
9414
9415
9417
9418
9421
9422
9423
9425
9426
9431
9432
9433
9436
9439
9441
9443
9444
9445
9450
9452
9453
9454
9455
9456
9459
9462
9463
9464
9465
9467
9468
9469
9474
9475
9481
9483
9485
9487
9488
9489
9490
9496
9498
9499
9500
9501
9503
9506
9507
9508
9510
9515
9517
9518
9519
9522
9523
9524
9527
9528
9531
9533
9535
9536
9537
9539
9540
9544
9545
9546
9547
9548
9556
9558
9561
9562
9563
9567
9568
9571
9573
9574
9576
9577
9578
9579
9581
9582
9583
9585
9586
9589
9591
9595
9596
9600
9601
9604
9605
9606
9607
9609
9611
9612
9616
9619
9621
9625
9627
9628
9629
9633
9635
9636
9638
9640
9642
9644
9647
9650
9651
9652
9656
9657
9658
9659
9664
9665
9668
9669
9671
9673
9677
9678
9679
9680
9682
9683
9684
9685
9688
9689
9690
9692
9695
9699
9700
9702
9704
9706
9707
9712
9713
9714
9716
9719
9721
9722
9724
9726
9731
9732
9736
9741
9742
9746
9747
9748
9750
9751
9752
9753
9755
9762
9764
9766
9773
9776
9777
9781
9783
9784
9785
9788
9790
9791
9792
9793
9796
9797
9799
9803
9804
9805
9807
9811
9812
9814
9816
9818
9819
9820
9824
9829
9831
9834
9835
9836
9838
9839
9841
9842
9846
9847
9850
9851
9853
9854
9855
9859
9864
9868
9869
9870
9871
9873
9876
9877
9878
9883
9884
9891
9892
9893
9894
9896
9899
9901
9902
9905
9907
9908
9909
9911
9913
9916
9918
9919
9920
9921
9922
9923
9925
9926
9927
9928
9934
9935
9937
9939
9940
9942
9945
9946
9948
9951
9952
9954
9955
9956
9958
9960
9963
9968
9969
9970
9972
9977
9980
9984
9986
9987
9989
9992
9995
9999
10002
10011
10012
10014
10015
10016
10019
10021
10022
10023
10029
10032
10033
10035
10038
10039
10042
10045
10049
10052
10057
10058
10059
10061
10064
10066
10067
10071
10073
10075
10076
10077
10078
10079
10081
10082
10085
10087
10092
10096
10098
10101
10102
10104
10108
10109
10111
10112
10114
10115
10116
10117
10119
10121
10123
10127
10132
10133
10134
10135
10136
10137
10141
10144
10148
10149
10150
10151
10156
10157
10160
10161
10162
10163
10165
10171
10172
10173
10174
10176
10178
10182
10186
10188
10190
10191
10196
10197
10202
10203
10204
10210
10211
10213
10215
10217
10218
10223
10225
10226
10227
10228
10230
10234
10237
10239
10241
10243
10246
10252
10253
10254
10255
10258
10260
10263
10264
10265
10269
10270
10273
10277
10280
10281
10282
10284
10285
10295
10299
10300
10301
10307
10310
10311
10313
10315
10317
10318
10319
10322
10324
10325
10327
10328
10330
10332
10333
10334
10335
10337
10340
10341
10343
10344
10345
10348
10350
10352
10355
10356
10357
10361
10366
10368
10370
10372
10373
10375
10378
10382
10384
10386
10388
10389
10390
10392
10396
10400
10401
10404
10405
10406
10408
10410
10411
10412
10414
10420
10425
10426
10428
10430
10431
10432
10433
10434
10435
10436
10437
10440
10441
10444
10446
10448
10449
10452
10453
10454
10455
10456
10458
10459
10463
10464
10468
10470
10471
10472
10474
10477
10478
10480
10482
10484
10488
10490
10491
10493
10498
10500
10502
10503
10510
10512
10514
10515
10518
10520
10526
10529
10532
10533
10537
10539
10541
10542
10544
10546
10547
10549
10550
10552
10553
10554
10555
10556
10557
10558
10560
10561
10563
10564
10565
10568
10571
10572
10573
10574
10576
10577
10589
10593
10595
10596
10598
10601
10603
10605
10607
10610
10611
10613
10617
10619
10620
10622
10623
10627
10629
10630
10631
10632
10633
10636
10638
10639
10640
10642
10649
10650
10651
10652
10654
10656
10657
10658
10660
10662
10663
10664
10665
10672
10673
10675
10677
10680
10682
10686
10687
10689
10690
10691
10699
10702
10703
10704
10706
10707
10708
10710
10711
10716
10717
10718
10719
10720
10722
10724
10728
10729
10731
10733
10738
10739
10740
10742
10744
10745
10746
10747
10751
10760
10763
10764
10765
10766
10772
10774
10775
10778
10779
10780
10782
10784
10785
10787
10788
10790
10793
10794
10799
10804
10805
10806
10807
10808
10811
10814
10821
10823
10824
10829
10831
10833
10834
10838
10839
10842
10849
10850
10852
10853
10854
10855
10856
10857
10861
10863
10866
10868
10870
10872
10873
10874
10875
10876
10878
10879
10882
10884
10888
10889
10890
10891
10894
10897
10898
10899
10900
10901
10902
10903
10906
10907
10911
10912
10916
10917
10918
10920
10922
10926
10927
10928
10933
10935
10937
10939
10940
10941
10946
10947
10951
10952
10954
10955
10956
10957
10958
10959
10961
10965
10966
10967
10968
10969
10970
10973
10974
10975
10976
10977
10979
10980
10981
10982
10983
10992
10995
10997
11000
11001
11003
11004
11005
11007
11013
11014
11015
11017
11018
11020
11025
11026
11027
11028
11029
11030
11031
11037
11038
11040
11041
11042
11044
11046
11050
11052
11054
11055
11057
11058
11059
11060
11062
11064
11065
11070
11071
11076
11078
11079
11080
11081
11083
11084
11087
11088
11089
11090
11091
11092
11093
11097
11098
11099
11101
11105
11109
11110
11112
11114
11115
11117
11118
11126
11127
11128
11133
11134
11136
11138
11141
11144
11149
11152
11153
11156
11157
11158
11160
11161
11163
11164
11165
11167
11169
11170
11176
11178
11180
11181
11187
11188
11193
11194
11197
11199
11201
11203
11204
11205
11206
11207
11210
11211
11212
11214
11217
11218
11219
11222
11224
11226
11231
11235
11237
11238
11244
11245
11246
11247
11254
11255
11258
11259
11261
11265
11266
11268
11269
11273
11275
11277
11280
11283
11284
11286
11287
11289
11290
11292
11294
11299
11307
11312
11314
11316
11317
11318
11325
11328
11332
11334
11335
11338
11339
11340
11341
11342
11343
11344
11346
11348
11349
11352
11353
11357
11358
11360
11361
11363
11366
11367
11368
11372
11373
11374
11383
11384
11387
11388
11393
11400
11404
11406
11408
11409
11410
11415
11416
11419
11425
11426
11428
11429
11430
11431
11433
11434
11435
11437
11439
11440
11457
11458
11460
11462
11463
11465
11469
11471
11472
11475
11476
11479
11480
11484
11485
11492
11496
11497
11498
11499
11503
11505
11506
11509
11510
11513
11514
11517
11519
11523
11531
11532
11533
11535
11541
11543
11549
11553
11560
11562
11564
11565
11568
11572
11573
11574
11576
11579
11584
11587
11588
11590
11592
11593
11594
11598
11599
11601
11602
11603
11604
11606
11609
11610
11611
11613
11616
11620
11623
11624
11628
11629
11634
11635
11636
11637
11639
11643
11646
11650
11651
11652
11655
11656
11658
11660
11666
11668
11675
11677
11682
11683
11684
11685
11686
11687
11688
11690
11691
11692
11697
11698
11701
11707
11709
11712
11713
11714
11715
11716
11718
11719
11720
11722
11725
11730
11731
11733
11734
11735
11737
11742
11743
11745
11746
11748
11749
11754
11755
11757
11758
11759
11763
11767
11768
11770
11771
11772
11773
11777
11779
11781
11783
11784
11785
11787
11788
11789
11790
11792
11793
11795
11796
11799
11800
11801
11802
11803
11804
11806
11808
11811
11819
11820
11823
11826
11827
11835
11836
11837
11839
11840
11842
11843
11846
11847
11848
11849
11851
11852
11855
11856
11859
11861
11862
11864
11866
11868
11869
11871
11874
11875
11876
11879
11884
11886
11887
11888
11892
11895
11897
11899
11900
11901
11902
11903
11905
11906
11908
11911
11913
11919
11920
11921
11925
11928
11930
11931
11932
11934
11936
11937
11938
11939
11941
11942
11944
11945
11949
11951
11952
11953
11955
11956
11957
11959
11962
11964
11965
11966
11968
11971
11972
11974
11976
11978
11982
11983
11984
11986
11987
11988
11989
11990
11992
11993
11996
11998
11999
12001
12010
12011
12013
12015
12021
12022
12025
12026
12028
12029
12030
12032
12033
12036
12037
12043
12044
12048
12049
12050
12051
12052
12053
12054
12059
12060
12061
12063
12067
12068
12073
12074
12076
12080
12081
12083
12084
12088
12093
12096
12097
12100
12105
12106
12108
12111
12113
12115
12117
12118
12122
12124
12130
12139
12143
12145
12149
12150
12151
12155
12156
12160
12162
12163
12166
12167
12168
12169
12171
12173
12174
12176
12179
12182
12183
12185
12187
12188
12191
12192
12193
12195
12196
12198
12199
12200
12202
12204
12205
12206
12208
12211
12215
12220
12221
12223
12226
12230
12232
12239
12244
12245
12247
12249
12250
12256
12258
12260
12261
12262
12267
12270
12271
12273
12274
12276
12277
12278
12281
12282
12283
12285
12292
12293
12296
12299
12302
12303
12304
12305
12306
12308
12309
12311
12313
12314
12315
12316
12317
12318
12319
12320
12321
12322
12325
12328
12332
12333
12336
12338
12340
12346
12349
12350
12352
12353
12355
12356
12364
12366
12367
12370
12374
12375
12379
12380
12383
12384
12385
12390
12391
12392
12394
12396
12397
12399
12401
12405
12412
12413
12415
12416
12420
12422
12424
12425
12426
12429
12430
12432
12436
12437
12438
12441
12445
12446
12447
12449
12450
12457
12458
12460
12462
12464
12469
12471
12472
12474
12478
12479
12482
12485
12487
12490
12492
12493
12496
12497
12498
12501
12502
12503
12504
12505
12507
12509
12511
12513
12514
12516
12518
12519
12521
12523
12524
12526
12527
12530
12533
12535
12537
12539
12540
12546
12548
12552
12558
12559
12562
12564
12570
12571
12572
12577
12578
12587
12588
12590
12596
12597
12598
12599
12602
12603
12604
12605
12608
12610
12611
12612
12613
12614
12615
12617
12618
12622
12623
12628
12630
12632
12637
12638
12639
12640
12642
12643
12650
12652
12654
12655
12656
12658
12659
12660
12663
12664
12665
12669
12671
12672
12675
12677
12678
12679
12680
12681
12684
12685
12686
12688
12689
12694
12695
12696
12698
12699
12702
12703
12704
12705
12707
12710
12711
12712
12714
12716
12717
12719
12722
12724
12726
12728
12731
12732
12734
12735
12738
12739
12743
12745
12747
12748
12749
12756
12757
12761
12762
12763
12767
12770
12771
12772
12773
12776
12777
12778
12782
12783
12784
12787
12790
12791
12793
12795
12797
12798
12799
12801
12803
12806
12808
12811
12812
12816
12817
12818
12820
12822
12824
12825
12827
12830
12831
12832
12833
12838
12839
12840
12842
12843
12845
12846
12853
12854
12858
12859
12861
12862
12865
12866
12868
12872
12880
12881
12882
12883
12884
12885
12886
12887
12889
12890
12892
12893
12894
12895
12897
12900
12902
12906
12907
12908
12911
12912
12920
12924
12925
12928
12930
12934
12935
12936
12944
12949
12953
12955
12956
12959
12963
12965
12966
12968
12969
12972
12973
12975
12976
12980
12986
12988
12989
12992
12994
12995
12999
13000
13001
13007
13010
13013
13029
13030
13032
13033
13034
13037
13038
13040
13041
13042
13045
13047
13053
13054
13055
13057
13058
13059
13060
13061
13065
13067
13068
13070
13072
13079
13082
13084
13086
13088
13094
13095
13098
13100
13101
13102
13103
13104
13106
13110
13112
13114
13116
13118
13121
13122
13124
13125
13129
13133
13137
13141
13144
13145
13146
13147
13148
13149
13152
13154
13155
13157
13159
13165
13166
13169
13172
13176
13181
13182
13183
13185
13187
13188
13189
13190
13195
13197
13201
13202
13203
13204
13205
13208
13210
13211
13213
13216
13218
13219
13220
13221
13223
13226
13227
13228
13229
13236
13238
13242
13244
13246
13247
13248
13250
13253
13254
13256
13258
13260
13261
13263
13265
13272
13274
13276
13278
13280
13286
13292
13299
13300
13303
13304
13307
13308
13310
13313
13315
13317
13321
13323
13324
13325
13332
13333
13337
13338
13339
13341
13342
13343
13348
13351
13352
13359
13360
13366
13367
13368
13370
13372
13374
13380
13381
13382
13387
13388
13389
13390
13391
13393
13394
13395
13396
13401
13402
13406
13409
13410
13411
13412
13414
13415
13416
13418
13420
13421
13424
13429
13430
13434
13435
13436
13439
13442
13444
13445
13447
13453
13454
13455
13456
13457
13458
13460
13462
13464
13465
13466
13467
13473
13480
13481
13488
13490
13492
13497
13498
13499
13503
13504
13505
13512
13513
13514
13519
13522
13523
13526
13528
13531
13532
13534
13535
13536
13537
13538
13540
13541
13542
13544
13545
13546
13548
13549
13550
13551
13557
13564
13571
13572
13573
13576
13579
13582
13590
13593
13595
13596
13597
13598
13601
13605
13607
13608
13612
13616
13617
13619
13620
13621
13623
13628
13629
13630
13633
13634
13636
13639
13643
13644
13645
13649
13651
13654
13656
13657
13658
13659
13660
13662
13665
13667
13668
13669
13673
13675
13677
13678
13684
13689
13690
13691
13694
13695
13696
13698
13701
13702
13703
13705
13706
13707
13708
13709
13712
13714
13715
13716
13717
13723
13724
13728
13732
13734
13739
13741
13742
13744
13745
13749
13752
13753
13755
13756
13757
13765
13767
13769
13773
13778
13780
13783
13785
13788
13789
13791
13796
13797
13801
13802
13804
13813
13815
13816
13817
13820
13821
13826
13827
13828
13829
13830
13831
13833
13834
13835
13837
13840
13845
13849
13850
13853
13854
13857
13858
13859
13865
13870
13871
13872
13873
13874
13878
13879
13880
13881
13886
13891
13892
13893
13894
13905
13906
13907
13908
13912
13915
13916
13917
13918
13919
13921
13922
13923
13925
13928
13929
13930
13932
13934
13935
13936
13938
13939
13940
13942
13943
13945
13952
13954
13956
13957
13958
13960
13961
13962
13964
13966
13967
13968
13969
13970
13971
13973
13974
13979
13981
13986
13987
13988
13991
13993
13996
13997
13999
14000
14002
14003
14004
14005
14008
14011
14014
14015
14017
14018
14019
14020
14021
14022
14025
14037
14039
14041
14042
14043
14045
14046
14051
14056
14057
14058
14061
14063
14065
14068
14073
14075
14077
14087
14088
14089
14092
14093
14094
14097
14101
14102
14103
14108
14109
14111
14113
14115
14118
14119
14121
14123
14127
14128
14135
14136
14137
14138
14139
14142
14143
14145
14148
14150
14153
14154
14158
14160
14164
14167
14168
14170
14171
14172
14173
14174
14178
14180
14181
14183
14184
14185
14188
14191
14194
14197
14198
14199
14205
14206
14207
14208
14211
14212
14216
14217
14218
14219
14222
14224
14225
14227
14228
14229
14230
14232
14235
14236
14237
14240
14241
14243
14247
14250
14252
14254
14256
14257
14262
14263
14264
14265
14266
14269
14271
14272
14274
14277
14278
14280
14287
14288
14290
14291
14293
14298
14300
14301
14304
14308
14314
14317
14319
14322
14326
14327
14328
14335
14336
14337
14338
14339
14340
14344
14347
14353
14357
14360
14361
14364
14365
14366
14380
14381
14384
14390
14393
14394
14395
14397
14398
14399
14401
14409
14412
14413
14415
14418
14422
14424
14427
14428
14430
14431
14432
14436
14437
14438
14439
14447
14450
14452
14453
14454
14455
14457
14460
14462
14464
14468
14471
14473
14475
14478
14480
14481
14485
14487
14488
14489
14494
14495
14500
14501
14502
14503
14504
14506
14507
14509
14514
14520
14521
14522
14523
14527
14528
14529
14531
14534
14535
14536
14541
14544
14546
14548
14549
14550
14551
14555
14558
14559
14560
14564
14567
14569
14571
14574
14575
14577
14578
14581
14583
14587
14588
14595
14596
14598
14601
14602
14608
14610
14611
14612
14615
14618
14620
14623
14628
14629
14630
14631
14632
14633
14635
14636
14640
14641
14642
14644
14648
14649
14651
14653
14654
14655
14658
14659
14662
14663
14664
14668
14669
14670
14673
14674
14675
14677
14678
14679
14680
14682
14683
14686
14687
14689
14690
14694
14698
14699
14701
14702
14703
14705
14707
14711
14712
14713
14716
14717
14718
14719
14720
14723
14724
14728
14729
14731
14733
14734
14735
14736
14738
14742
14746
14747
14748
14753
14755
14757
14758
14760
14762
14763
14765
14766
14767
14775
14778
14782
14786
14789
14791
14792
14793
14795
14800
14801
14802
14804
14805
14806
14807
14808
14809
14813
14815
14816
14817
14820
14826
14828
14829
14830
14831
14833
14834
14836
14840
14841
14843
14844
14845
14850
14852
14854
14856
14857
14859
14860
14861
14862
14866
14868
14870
14871
14874
14875
14877
14879
14886
14887
14889
14892
14893
14896
14897
14899
14902
14907
14908
14909
14913
14916
14918
14922
14924
14925
14926
14927
14933
14938
14940
14941
14942
14944
14945
14947
14949
14951
14952
14953
14954
14956
14958
14960
14964
14965
14966
14971
14974
14976
14978
14979
14983
14987
14988
14994
14995
14996
14998
14999
15003
15004
15006
15008
15011
15012
15013
15016
15017
15018
15019
15020
15021
15024
15028
15032
15046
15047
15048
15050
15051
15052
15053
15055
15057
15061
15062
15064
15065
15066
15069
15070
15071
15074
15081
15083
15087
15088
15089
15091
15096
15099
15100
15102
15103
15104
15105
15106
15107
15111
15112
15113
15118
15119
15122
15123
15134
15135
15137
15138
15139
15140
15141
15143
15144
15148
15150
15154
15155
15159
15164
15165
15166
15170
15173
15175
15176
15180
15182
15186
15187
15188
15189
15190
15191
15192
15193
15195
15200
15202
15206
15212
15213
15215
15216
15217
15224
15226
15228
15231
15232
15234
15237
15239
15240
15242
15243
15244
15245
15247
15248
15249
15252
15253
15255
15257
15258
15259
15262
15266
15267
15269
15271
15272
15273
15279
15280
15284
15285
15286
15287
15288
15289
15291
15294
15298
15300
15302
15303
15305
15308
15309
15310
15311
15312
15313
15315
15317
15318
15319
15321
15323
15325
15326
15327
15329
15330
15331
15332
15333
15335
15336
15338
15340
15344
15348
15349
15351
15352
15355
15358
15360
15364
15366
15367
15368
15370
15374
15378
15379
15385
15386
15387
15391
15393
15394
15399
15402
15409
15412
15417
15419
15422
15426
15427
15428
15432
15435
15437
15441
15448
15451
15452
15455
15456
15460
15462
15463
15464
15467
15468
15469
15472
15474
15475
15476
15483
15484
15485
15488
15489
15490
15492
15494
15496
15498
15501
15503
15508
15512
15515
15516
15517
15518
15521
15523
15524
15526
15528
15529
15533
15535
15540
15541
15543
15545
15546
15547
15548
15549
15552
15553
15554
15559
15560
15561
15562
15564
15565
15566
15568
15569
15570
15571
15574
15575
15576
15580
15581
15584
15585
15589
15592
15595
15597
15599
15602
15603
15604
15605
15606
15609
15610
15611
15613
15615
15618
15619
15621
15623
15625
15626
15627
15631
15632
15633
15636
15638
15641
15642
15644
15646
15647
15648
15649
15652
15653
15656
15657
15658
15659
15661
15664
15667
15670
15672
15674
15681
15684
15685
15687
15691
15693
15694
15704
15706
15707
15708
15709
15712
15713
15714
15717
15719
15721
15722
15725
15731
15732
15733
15734
15735
15736
15737
15738
15746
15748
15749
15752
15755
15756
15757
15759
15762
15766
15768
15769
15770
15772
15774
15775
15777
15779
15780
15782
15783
15785
15786
15787
15790
15791
15793
15796
15801
15812
15816
15817
15819
15820
15827
15836
15838
15839
15840
15841
15844
15847
15848
15849
15851
15852
15859
15861
15862
15864
15867
15868
15870
15872
15873
15875
15876
15877
15878
15880
15884
15886
15888
15889
15891
15892
15893
15898
15899
15901
15903
15905
15906
15907
15909
15910
15911
15912
15915
15919
15923
15924
15930
15938
15940
15943
15944
15945
15949
15950
15951
15953
15955
15957
15958
15959
15960
15962
15963
15964
15965
15966
15967
15971
15972
15973
15974
15976
15978
15979
15981
15984
15987
15988
15989
15990
15992
15993
15994
15995
15996
16000
16001
16002
16003
16005
16011
16015
16019
16020
16028
16030
16031
16034
16037
16039
16041
16042
16043
16044
16045
16047
16048
16049
16050
16051
16053
16056
16059
16060
16061
16063
16066
16067
16071
16072
16073
16077
16079
16083
16085
16087
16089
16090
16092
16095
16096
16097
16101
16103
16104
16106
16108
16111
16117
16120
16122
16125
16126
16127
16128
16129
16131
16133
16134
16135
16136
16137
16141
16145
16151
16153
16154
16155
16158
16159
16160
16166
16167
16168
16169
16170
16171
16176
16177
16179
16181
16182
16185
16187
16188
16192
16196
16199
16202
16204
16206
16209
16213
16217
16219
16221
16224
16226
16227
16230
16231
16238
16240
16242
16244
16247
16249
16251
16252
16254
16257
16260
16261
16263
16264
16265
16266
16269
16270
16274
16276
16277
16278
16279
16280
16289
16291
16292
16293
16294
16296
16298
16306
16307
16308
16309
16314
16315
16316
16317
16320
16323
16324
16330
16339
16340
16342
16346
16347
16351
16354
16355
16357
16358
16359
16361
16362
16363
16364
16367
16374
16375
16377
16382
16385
16386
16388
16389
16390
16391
16392
16393
16394
16395
16397
16400
16401
16403
16404
16408
16413
16414
16415
16416
16417
16418
16419
16420
16421
16422
16423
16425
16426
16427
16429
16431
16432
16433
16434
16436
16438
16442
16444
16446
16448
16450
16452
16455
16458
16461
16463
16465
16466
16467
16468
16472
16473
16474
16476
16480
16481
16487
16497
16499
16500
16501
16505
16506
16507
16508
16513
16516
16518
16521
16524
16527
16532
16533
16535
16536
16538
16539
16544
16545
16547
16548
16550
16552
16557
16559
16561
16562
16563
16565
16566
16567
16573
16574
16575
16577
16578
16579
16580
16581
16582
16583
16584
16585
16587
16589
16590
16592
16593
16594
16596
16598
16599
16600
16602
16603
16605
16606
16609
16610
16615
16616
16617
16620
16621
16622
16624
16625
16626
16627
16628
16633
16634
16638
16640
16641
16645
16647
16651
16660
16661
16665
16667
16669
16672
16676
16677
16678
16682
16683
16684
16685
16692
16693
16694
16695
16696
16699
16701
16702
16704
16707
16708
16710
16711
16712
16713
16714
16715
16718
16721
16722
16728
16730
16731
16732
16735
16736
16737
16738
16742
16743
16744
16748
16750
16751
16752
16754
16755
16759
16761
16765
16767
16772
16774
16776
16777
16778
16779
16785
16788
16789
16792
16794
16798
16801
16802
16803
16805
16806
16807
16810
16811
16812
16815
16818
16821
16826
16827
16830
16832
16835
16838
16840
16843
16844
16849
16850
16851
16858
16859
16860
16862
16864
16867
16868
16871
16872
16875
16876
16877
16878
16879
16880
16882
16883
16889
16891
16892
16893
16895
16900
16902
16903
16905
16908
16909
16915
16916
16919
16922
16924
16925
16928
16930
16932
16936
16940
16944
16948
16950
16951
16952
16953
16954
16959
16960
16961
16964
16966
16972
16973
16974
16975
16978
16981
16984
16985
16986
16989
16993
16998
16999
