ID_CLIENTE	IDADE	VALOR_COMPRA_SITE	QTDE_ITENS_COMPRA_SITE	FLAG_ACESSORIOS_COMPRA_SITE	FLAG_FEMININA_COMPRA_SITE	FLAG_MASCULINA_COMPRA_SITE	NOTA_SATISF_COMPRA_SITE	FLAG_COMPROU_LOJA_FISICA_6M	QTDE_COMPRAS_LOJA_FISICA_6M	QTDE_ITENS_LOJA_FISICA_6M	FLAG_RECOMPRA_PROX_3_MESES
1	29	185.5	2	0	1	0	7	1	4	4	1
2	27	215.5	2	0	1	1	7	1	2	2	1
3	29	106.4	4	0	1	0	10	1	1	5	1
4	18	140.2	1	0	1	0	8	1	1	4	0
5	24	72.9	2	0	1	0	7	0	0	0	0
6	24	155.3	2	0	1	1	7	1	2	4	1
7	30	145.3	3	0	0	1	5	0	0	0	0
8	21	222.8	2	0	1	1	10	1	1	4	1
9	27	194.5	1	0	1	1	7	1	1	1	1
10	22	113.8	2	0	1	0	7	0	0	0	0
11	31	227.8	3	0	1	0	7	0	0	0	1
12	25	87.6	1	0	1	0	6	1	1	2	0
13	35	211.1	2	0	1	0	8	1	1	2	1
14	23	243.5	2	0	1	0	7	0	0	0	1
15	37	146	2	0	0	1	5	0	0	0	0
16	25	356.7	1	0	1	1	7	0	0	0	0
17	33	113.2	2	1	1	0	7	0	0	0	0
18	43	35	2	0	1	1	9	1	1	3	0
19	37	230.2	2	1	1	1	9	0	0	0	1
20	64	223.4	1	0	1	1	7	0	0	0	0
21	25	334.8	3	1	1	0	9	1	1	6	1
22	27	268.1	7	0	1	1	7	0	0	0	0
23	27	249.8	3	0	1	1	10	1	2	6	1
24	21	154.8	3	0	1	1	6	0	0	0	0
25	30	345.7	2	1	1	1	6	0	0	0	0
26	31	176.4	1	1	0	1	6	0	0	0	0
27	25	209.7	2	1	1	0	6	1	1	2	1
28	31	285.4	2	1	0	1	8	1	4	5	1
29	45	319.2	4	0	1	1	10	0	0	0	0
30	23	319.7	2	0	1	1	10	1	5	3	1
31	45	198.5	2	0	1	0	6	1	1	3	1
32	26	516.7	2	0	0	1	10	1	6	5	1
33	32	131.1	2	1	0	0	8	0	0	0	0
34	26	192.9	4	0	0	1	8	1	2	5	1
35	25	177.9	1	0	1	1	7	1	1	2	0
36	27	150.3	2	0	0	1	9	0	0	0	0
37	29	85.4	1	0	1	1	8	1	1	1	1
38	20	75	1	0	1	0	8	0	0	0	0
39	29	94	2	1	1	0	5	0	0	0	0
40	18	289.3	2	0	1	0	10	1	4	2	1
41	21	21.8	1	1	1	1	7	1	1	3	1
42	29	114.3	2	0	1	1	10	0	0	0	0
43	32	188.2	1	0	1	0	7	0	0	0	0
44	34	186.3	2	0	1	1	10	1	1	2	1
45	31	187.6	1	0	1	1	8	1	1	4	0
46	25	76.4	2	0	1	0	7	0	0	0	0
47	19	69.3	3	0	1	0	7	0	0	0	0
48	64	26.7	2	0	0	1	8	0	0	0	1
49	22	291.8	3	1	1	0	9	0	0	0	1
50	39	233.4	2	0	1	1	10	1	4	4	1
51	38	150.2	2	1	0	1	9	0	0	0	0
52	24	135.3	1	0	1	0	7	0	0	0	0
53	29	234.9	2	0	1	1	8	1	2	3	1
54	33	124	4	0	0	1	6	1	7	6	1
55	29	230.4	1	1	0	1	5	1	1	3	1
56	22	238.3	4	0	0	1	8	0	0	0	0
57	33	203	2	0	1	1	8	1	2	2	1
58	29	276	3	1	1	1	7	1	3	5	1
59	23	378.5	2	0	0	1	6	1	1	5	1
60	38	167.3	1	0	1	1	7	0	0	0	0
61	33	188	9	0	1	1	6	0	0	0	0
62	20	342.3	2	0	1	1	10	0	0	0	0
63	27	210.9	3	0	0	1	6	1	4	4	1
64	34	152.2	1	0	1	1	9	1	1	3	0
65	22	142.9	1	0	1	0	8	0	0	0	0
66	43	252.5	3	0	0	1	8	0	0	0	0
67	35	78.6	8	0	1	0	9	1	1	11	1
68	20	240.4	2	0	1	1	9	1	2	4	1
69	18	130	2	0	1	1	8	1	1	5	0
70	44	194.7	3	1	1	1	6	1	1	4	1
71	32	246.7	3	0	1	0	10	1	1	4	1
72	23	57.7	1	0	1	1	7	0	0	0	0
73	18	218.7	3	0	1	1	8	1	4	4	1
74	23	367	2	0	1	0	8	1	4	5	1
75	23	27.3	2	0	1	1	8	0	0	0	0
76	33	177	4	0	1	0	6	0	0	0	0
77	24	212.1	3	0	0	1	5	0	0	0	0
78	27	190.9	4	1	1	0	8	0	0	0	0
79	24	222.9	2	1	1	0	9	1	1	5	1
80	28	369.6	3	0	1	1	6	1	1	5	1
81	32	225.3	2	0	1	1	9	1	1	2	1
82	28	59.2	1	0	1	0	10	1	1	2	0
83	30	376.6	1	1	0	1	9	1	1	1	1
84	31	291.9	6	0	0	1	9	1	1	11	1
85	23	38.8	2	0	1	0	6	1	1	2	0
86	31	67.3	3	0	1	0	5	0	0	0	0
87	27	249.6	4	1	0	1	8	1	2	6	1
88	29	117.7	3	0	1	0	4	0	0	0	0
89	38	190.1	4	0	1	1	8	1	2	6	1
90	32	607.3	4	1	1	1	8	1	1	6	1
91	19	340	2	0	1	1	8	1	3	2	1
92	32	265.6	3	1	1	0	8	1	1	6	1
93	27	240.4	2	1	1	1	10	1	3	4	1
94	29	36	2	1	1	1	10	1	6	5	1
95	30	227.4	2	0	1	0	7	0	0	0	0
96	36	213.4	1	0	1	1	7	0	0	0	0
97	22	143.6	4	0	0	1	9	1	5	7	1
98	48	74	1	0	1	1	7	0	0	0	0
99	29	369.9	2	1	1	0	8	1	1	4	1
100	28	279.4	1	0	1	0	6	0	0	0	0
101	38	258.4	3	0	0	1	8	1	5	4	1
102	29	257.5	2	0	1	0	8	1	1	3	1
103	30	298.7	2	0	1	1	8	0	0	0	1
104	31	320.8	1	0	1	1	10	1	1	2	1
105	31	99.1	1	0	1	1	7	0	0	0	0
106	40	39.3	4	0	1	0	10	1	1	4	1
107	18	273.6	2	0	0	1	8	0	0	0	1
108	29	126.4	1	0	1	0	9	1	1	1	0
109	27	218.9	3	0	1	0	10	1	2	3	1
110	43	644.9	2	0	1	0	8	1	2	3	1
111	22	512.3	2	0	1	0	10	1	4	4	1
112	31	210.3	3	0	1	1	8	1	1	4	1
113	46	175.2	8	1	1	0	8	1	1	8	1
114	22	166.1	2	0	1	0	8	1	2	2	0
115	39	241.7	3	1	1	0	10	0	0	0	1
116	35	47	3	0	1	1	7	1	2	3	1
117	30	249.6	2	0	1	0	10	1	1	3	1
118	24	172.7	5	0	0	1	6	0	0	0	1
119	42	242.8	3	0	1	1	8	1	1	3	1
120	21	201.7	2	1	1	0	10	1	1	4	1
121	31	98.8	2	0	1	1	7	0	0	0	0
122	39	97.7	1	0	0	1	6	0	0	0	0
123	31	104.5	2	0	0	1	7	0	0	0	0
124	32	303.3	3	0	1	1	9	0	0	0	0
125	37	180.1	4	0	1	0	9	1	5	5	1
126	41	273.2	2	0	1	1	7	1	2	4	1
127	23	430.2	1	0	1	0	10	1	1	4	1
128	30	239.8	3	0	1	0	8	1	3	4	0
129	31	185.6	2	1	0	0	8	1	1	4	1
130	37	211.4	1	0	1	0	7	0	0	0	0
131	27	467.6	2	1	1	1	10	1	1	2	1
132	25	191.9	3	0	1	1	8	0	0	0	1
133	25	217.8	2	0	1	0	8	1	1	2	1
134	28	73.8	1	0	1	0	8	1	1	1	0
135	26	145.2	3	0	0	1	6	0	0	0	0
136	38	121.6	1	0	1	0	9	1	1	1	0
137	22	114.5	1	0	1	0	8	0	0	0	0
138	27	325.1	4	1	1	0	8	1	1	6	1
139	45	108.9	1	0	1	0	7	0	0	0	0
140	42	341.6	1	0	1	1	8	0	0	0	0
141	40	386.9	2	1	1	0	8	1	4	3	1
142	25	223.2	2	0	0	1	10	1	1	5	1
143	29	399.7	1	0	1	1	8	1	1	3	0
144	31	68	1	0	1	0	8	1	1	2	0
145	25	206.8	1	0	0	1	8	1	1	1	1
146	29	129.1	4	1	1	0	10	1	7	7	1
147	27	295.2	3	0	0	1	10	1	1	5	1
148	25	122.7	2	0	1	1	10	1	1	5	1
149	23	550.2	1	0	1	0	8	1	1	1	1
150	30	140.2	1	0	1	0	7	0	0	0	0
151	32	253.2	2	1	1	0	9	0	0	0	1
152	24	81.8	2	0	1	1	7	0	0	0	0
153	25	193.9	5	0	1	1	9	0	0	0	0
154	18	260.4	3	1	1	1	8	1	2	3	1
155	31	138.5	2	1	1	1	7	1	1	3	1
156	32	34	2	1	1	0	9	1	6	2	1
157	53	60.1	2	0	1	0	10	1	1	5	1
158	33	211.7	2	0	1	1	10	1	2	3	1
159	39	598.5	3	0	1	1	7	0	0	0	0
160	27	162.6	2	1	1	0	10	1	3	5	0
161	23	311.1	2	0	0	1	6	1	2	4	1
162	23	247.1	2	0	1	1	10	1	2	2	1
163	19	321.6	2	0	1	1	9	0	0	0	1
164	33	170.8	2	1	1	1	8	1	1	4	1
165	28	277.1	2	0	1	1	10	0	0	0	1
166	27	491.4	1	0	1	1	8	1	1	4	0
167	38	138.3	1	0	1	0	9	1	1	3	0
168	45	227.5	2	0	1	1	10	1	3	4	1
169	21	23.9	1	0	1	1	6	0	0	0	0
170	30	512.9	4	1	1	1	9	0	0	0	1
171	26	70.1	1	1	1	1	7	0	0	0	0
172	34	250.3	7	0	1	1	7	0	0	0	0
173	28	29.6	4	0	1	1	6	1	1	4	0
174	28	273.9	2	1	1	0	7	1	2	3	1
175	30	76.4	5	0	1	1	7	0	0	0	0
176	24	152.7	1	0	1	1	7	0	0	0	0
177	33	191.5	1	0	1	1	9	1	1	4	1
178	31	101.8	2	0	1	1	7	0	0	0	0
179	23	121.7	1	0	1	1	8	1	1	2	0
180	31	180	7	0	1	1	1	0	0	0	0
181	34	129.1	2	1	1	1	9	0	0	0	0
182	30	126.4	1	1	0	0	6	1	1	2	1
183	22	133.9	2	0	1	1	7	0	0	0	0
184	26	320	3	1	1	1	9	0	0	0	1
185	34	126.2	2	0	1	0	6	0	0	0	0
186	29	192.9	7	0	1	0	8	0	0	0	1
187	35	263.6	1	0	1	1	7	0	0	0	0
188	30	142.5	1	0	1	1	7	1	1	3	0
189	30	171.3	1	1	0	0	6	0	0	0	0
190	23	366.6	2	0	1	0	8	1	3	2	1
191	27	113.6	1	0	1	0	7	0	0	0	0
192	27	323.1	2	1	0	1	9	1	1	2	1
193	37	144.7	1	0	0	1	7	1	1	1	0
194	22	132.5	1	0	1	1	7	0	0	0	0
195	18	441.4	3	0	1	0	8	0	0	0	1
196	18	87.2	2	1	1	1	6	0	0	0	0
197	28	179.1	3	0	1	0	10	0	0	0	1
198	68	136.5	2	0	1	0	10	1	3	4	1
199	24	139.4	1	0	1	1	8	0	0	0	0
200	43	204.1	2	1	1	0	7	1	3	2	1
201	27	136	2	0	1	1	7	0	0	0	0
202	27	169.4	1	0	1	1	9	1	1	3	0
203	28	296.6	2	0	1	0	10	1	2	2	1
204	38	40	2	0	1	1	7	0	0	0	0
205	29	95.5	2	0	1	1	6	0	0	0	0
206	44	389.2	2	1	0	1	9	0	0	0	1
207	36	322.2	2	0	1	1	10	1	1	5	0
208	18	106.6	2	0	1	1	8	1	1	5	1
209	40	177.1	1	0	1	0	7	1	1	1	0
210	25	276.9	3	0	1	1	7	0	0	0	1
211	27	225.4	2	1	0	0	9	0	0	0	1
212	37	182.8	2	0	1	1	10	0	0	0	1
213	29	179.4	3	0	0	1	8	1	1	6	1
214	30	96.5	1	0	0	1	10	1	1	4	0
215	34	108.6	2	0	1	1	7	0	0	0	0
216	21	75.9	2	0	1	1	6	0	0	0	0
217	21	217	3	0	1	0	8	1	1	5	1
218	33	223.5	1	1	1	1	10	0	0	0	1
219	20	79.4	1	0	1	1	7	0	0	0	0
220	32	183.8	2	0	1	1	10	1	2	5	0
221	22	27.3	1	0	1	1	10	1	1	3	0
222	20	319.2	4	0	1	1	10	0	0	0	0
223	25	124.3	1	0	1	1	5	1	1	1	0
224	25	217.9	2	0	1	1	7	0	0	0	0
225	39	276	2	0	0	1	6	0	0	0	0
226	46	268.3	1	1	1	1	10	1	1	3	1
227	30	209.8	1	0	1	0	10	1	1	1	1
228	23	350	3	1	0	1	8	1	3	5	1
229	45	292.5	4	0	1	0	7	0	0	0	0
230	25	163.6	3	0	1	0	10	1	1	5	0
231	30	459.3	5	0	0	1	10	1	1	7	1
232	34	133.2	3	0	1	1	7	0	0	0	0
233	33	119.4	5	1	0	0	7	0	0	0	0
234	33	228	4	0	1	1	9	0	0	0	1
235	51	65.2	4	0	1	0	7	0	0	0	0
236	32	66.9	2	0	0	1	6	0	0	0	0
237	36	183.9	2	0	1	1	7	0	0	0	0
238	46	140.5	1	0	0	1	5	0	0	0	0
239	19	247	4	1	1	0	10	1	1	4	1
240	28	333.8	1	0	1	0	8	0	0	0	0
241	49	149.1	2	0	1	1	9	1	1	2	1
242	26	84.3	1	0	1	1	7	0	0	0	0
243	28	209.8	1	0	1	1	8	1	1	4	1
244	37	132.2	2	1	1	1	9	1	1	2	0
245	26	89.9	1	0	1	1	8	0	0	0	0
246	30	180.6	2	0	1	1	6	0	0	0	0
247	31	241.1	3	0	1	1	7	0	0	0	1
248	30	79.7	1	0	0	1	8	0	0	0	0
249	37	34.7	2	0	0	1	10	1	1	5	1
250	29	220	2	0	1	1	7	1	1	4	1
251	25	372.7	2	0	1	0	8	0	0	0	1
252	24	204.5	4	1	0	0	9	0	0	0	1
253	31	87	1	0	1	1	7	0	0	0	0
254	25	128.6	2	0	1	0	10	1	1	5	1
255	31	256.8	2	0	1	1	8	1	1	2	0
256	38	67.8	2	0	0	1	8	0	0	0	0
257	25	154.1	3	1	0	0	10	1	6	6	1
258	32	72.3	2	0	1	0	7	0	0	0	0
259	40	273.6	2	0	0	1	8	0	0	0	1
260	43	400.8	3	1	1	1	1	1	3	3	1
261	28	104.5	2	0	1	0	7	0	0	0	0
262	29	245.8	2	0	0	1	6	0	0	0	1
263	52	50.9	2	0	1	1	10	1	1	4	0
264	23	158.6	2	0	0	1	8	0	0	0	0
265	27	61.1	2	1	1	1	8	1	1	4	0
266	35	124.8	2	0	1	0	6	0	0	0	0
267	36	220	3	1	1	1	10	1	1	4	1
268	34	124.5	1	0	0	1	6	0	0	0	0
269	30	236.5	3	0	1	1	10	1	1	6	1
270	21	162.6	2	1	1	1	10	1	2	4	1
271	23	137.4	3	1	0	1	8	1	1	6	1
272	28	101.6	2	0	1	0	8	0	0	0	0
273	25	308.8	10	0	1	1	8	1	1	10	0
274	26	216.2	1	1	1	0	9	1	1	4	1
275	28	150.6	2	0	1	1	10	1	2	5	1
276	35	281.7	2	0	0	1	8	1	5	4	0
277	30	244.9	1	0	1	1	10	1	1	4	1
278	25	132.3	3	0	0	1	6	0	0	0	1
279	30	136	1	0	1	0	6	1	1	3	0
280	30	524	1	0	1	0	8	1	1	1	0
281	23	269.1	2	0	1	1	10	1	5	2	1
282	39	156.9	1	1	0	1	6	0	0	0	0
283	37	205.7	3	1	1	1	8	1	1	3	1
284	39	232.9	2	1	1	0	8	1	4	4	1
285	49	313.2	1	0	1	0	10	1	1	3	1
286	32	209	3	0	1	1	8	1	1	3	0
287	32	302.5	3	0	1	1	10	1	2	5	1
288	25	156.5	1	0	1	0	8	0	0	0	0
289	52	299.1	3	0	1	0	6	0	0	0	0
290	25	38.4	5	0	1	1	7	0	0	0	1
291	46	337.3	2	0	0	1	8	1	1	2	1
292	41	203.1	2	1	1	1	9	1	1	3	1
293	23	201.6	3	0	1	0	10	0	0	0	1
294	39	73.8	1	0	1	0	8	1	1	3	0
295	30	165.6	1	0	1	1	8	1	1	3	1
296	34	173.2	3	0	1	1	8	1	2	5	0
297	28	688.3	2	0	1	0	9	1	1	2	1
298	21	135.3	1	1	1	1	6	0	0	0	0
299	35	102.9	2	0	0	1	8	0	0	0	0
300	38	126.9	1	0	1	1	8	0	0	0	0
301	31	73.9	2	0	1	1	7	1	1	3	0
302	38	301.9	2	1	1	1	9	1	1	2	1
303	26	453.9	3	1	1	0	8	1	1	4	1
304	30	99.9	2	0	1	1	7	0	0	0	0
305	32	132.3	2	1	1	0	9	1	1	5	1
306	25	112	2	0	1	1	7	1	1	3	0
307	21	135.4	4	0	1	1	7	0	0	0	0
308	34	51.3	2	1	1	1	10	1	1	5	0
309	47	177.9	1	0	1	1	7	1	1	1	0
310	39	58.2	2	0	1	0	7	1	2	2	1
311	36	521.8	3	0	1	1	10	1	2	3	1
312	23	153.1	1	0	1	0	9	1	1	2	0
313	38	113.2	1	1	1	1	7	0	0	0	0
314	21	42.1	1	1	1	0	8	0	0	0	0
315	35	101.1	1	0	1	1	7	0	0	0	0
316	38	179.7	8	1	1	1	7	0	0	0	0
317	42	80.3	1	0	1	1	7	0	0	0	0
318	49	348.3	2	0	1	1	10	1	3	5	1
319	25	164.1	1	0	1	1	9	0	0	0	0
320	39	414.4	2	1	1	1	5	1	4	3	1
321	26	426.4	3	0	1	1	10	1	2	4	1
322	34	86.3	1	1	1	1	6	0	0	0	0
323	42	104.6	2	0	1	0	7	0	0	0	0
324	31	72.4	2	0	1	1	7	0	0	0	0
325	47	243.6	2	0	1	1	10	1	2	4	1
326	19	126.7	2	0	1	1	9	1	1	5	0
327	20	272.5	3	0	1	1	7	0	0	0	0
328	70	215.8	2	0	0	1	10	1	1	2	1
329	18	136	1	0	0	1	6	1	1	2	0
330	23	182.9	2	0	0	1	6	0	0	0	0
331	28	33.9	2	0	1	0	6	1	1	5	1
332	23	395.5	2	1	0	1	8	1	2	4	1
333	34	270	2	0	1	1	8	0	0	0	0
334	25	236.3	3	0	1	1	7	1	1	5	1
335	35	96.7	6	0	0	1	6	0	0	0	0
336	26	88.2	1	0	1	0	6	0	0	0	0
337	28	122.1	5	0	1	1	8	1	1	5	1
338	49	408.8	3	1	1	1	9	1	2	4	1
339	21	217.9	3	0	1	0	6	0	0	0	0
340	31	317.7	2	0	1	0	9	1	4	3	1
341	33	137.3	2	1	1	0	8	1	2	3	0
342	24	120.2	2	1	0	0	6	0	0	0	0
343	39	110.6	3	0	1	0	6	0	0	0	1
344	37	79	2	0	1	1	7	0	0	0	0
345	21	218.7	2	0	0	1	9	1	1	3	1
346	43	489.1	2	0	1	1	10	1	5	5	1
347	27	122.3	1	0	1	0	8	1	1	1	1
348	28	29.7	2	1	1	1	8	1	1	2	0
349	29	106.6	6	0	1	1	7	0	0	0	0
350	32	400.9	4	1	1	0	10	1	1	6	1
351	24	206.5	2	0	1	1	10	0	0	0	1
352	30	106.6	4	0	1	0	7	1	1	4	1
353	25	102.5	4	0	1	1	7	0	0	0	0
354	25	88.3	1	0	1	0	6	0	0	0	0
355	25	183.6	2	0	0	1	8	0	0	0	0
356	21	246.3	2	0	1	1	10	1	4	2	1
357	23	49.7	2	1	1	1	8	0	0	0	1
358	22	73.2	1	0	1	1	9	1	1	3	0
359	21	125.2	2	0	1	0	8	1	1	3	0
360	38	152.2	1	0	1	0	9	1	1	2	0
361	26	25.5	2	0	0	1	10	0	0	0	0
362	42	162.1	2	0	1	1	7	0	0	0	0
363	36	243.4	2	0	1	1	7	0	0	0	0
364	30	167.7	2	1	1	1	7	0	0	0	0
365	42	168.7	2	0	0	1	6	0	0	0	0
366	40	219.7	4	1	1	1	7	1	3	4	1
367	32	270.2	2	0	1	0	10	1	1	2	1
368	28	254	3	0	1	1	10	1	1	4	1
369	19	193	4	0	1	0	6	1	1	6	1
370	26	712.5	1	0	1	0	9	1	1	3	1
371	26	413	1	0	0	1	10	1	1	2	0
372	30	389.2	2	1	0	1	9	0	0	0	1
373	20	491	4	0	1	1	8	1	1	5	1
374	27	299.2	2	1	0	1	0	1	1	5	1
375	34	221.7	2	0	1	1	7	0	0	0	0
376	23	366.7	3	0	1	1	8	1	1	5	1
377	32	212.2	3	0	1	0	7	0	0	0	0
378	19	114.3	1	1	1	1	7	0	0	0	1
379	37	282.9	4	0	1	1	10	1	3	4	1
380	37	253.4	1	0	1	1	9	1	1	1	1
381	26	201.6	3	0	1	1	10	0	0	0	1
382	18	38.6	3	1	1	1	9	1	1	3	1
383	34	200.8	2	0	1	1	6	1	4	2	1
384	53	64.8	1	0	1	0	5	0	0	0	0
385	29	232.4	5	0	1	1	7	1	1	7	1
386	26	300	4	0	1	0	3	1	1	4	1
387	34	363.8	3	0	1	1	10	1	1	3	1
388	29	125.1	1	0	0	1	7	0	0	0	0
389	32	124.5	2	1	1	1	8	1	1	5	0
390	21	82	1	0	1	1	7	1	1	1	0
391	22	323.4	4	1	0	1	10	1	1	6	1
392	32	373.1	1	0	1	0	8	0	0	0	0
393	22	156.5	2	0	0	1	7	0	0	0	0
394	29	150.4	5	0	1	0	10	1	1	6	1
395	28	297.6	4	0	1	1	6	0	0	0	1
396	35	384	1	0	1	1	8	1	1	1	0
397	48	197.1	1	1	1	0	10	1	1	1	1
398	35	131.9	2	0	1	1	9	0	0	0	0
399	29	144.4	4	0	0	1	6	0	0	0	0
400	43	409.5	2	0	1	1	9	1	1	4	1
401	25	195.4	2	0	1	0	8	1	2	3	1
402	32	369.4	2	0	1	1	10	1	1	5	1
403	34	63.8	1	0	1	1	6	0	0	0	0
404	31	252.5	2	0	0	1	9	0	0	0	1
405	43	64.6	2	0	1	1	9	1	2	2	1
406	36	200.4	2	0	1	0	7	0	0	0	0
407	39	285.2	2	0	1	0	9	1	3	5	1
408	35	137.3	2	0	0	1	9	1	2	3	1
409	28	89.4	3	0	1	1	7	0	0	0	0
410	25	164.2	3	0	1	1	10	1	3	6	0
411	26	354.8	10	0	1	0	10	1	1	11	1
412	26	62.6	2	0	1	1	9	1	1	2	0
413	23	146.9	2	1	1	0	8	1	2	5	1
414	34	255.2	2	0	1	0	8	1	1	5	1
415	34	233.2	2	0	1	0	7	1	1	3	1
416	27	68.1	1	0	1	0	7	0	0	0	0
417	34	247.6	3	1	0	1	8	1	3	3	1
418	29	239.5	2	1	0	1	7	0	0	0	0
419	55	85.1	4	0	1	1	6	0	0	0	0
420	27	318.3	4	0	0	1	6	1	1	5	1
421	26	242.7	2	1	1	0	10	0	0	0	1
422	25	84.6	1	0	1	1	7	1	1	4	1
423	29	398.4	2	0	1	0	9	1	2	5	1
424	24	380.3	1	0	1	1	9	0	0	0	0
425	30	82.9	2	0	1	0	7	0	0	0	0
426	19	88.9	1	0	1	0	7	1	1	3	0
427	31	287.2	2	0	1	0	9	1	1	4	1
428	29	388.5	2	1	1	1	10	1	1	4	1
429	42	107.8	3	0	0	1	6	0	0	0	0
430	27	336.7	2	1	1	0	8	1	2	5	1
431	48	446.1	2	0	0	1	6	1	2	3	1
432	31	158.3	6	0	1	0	8	1	1	6	0
433	30	161.5	1	0	1	0	5	0	0	0	0
434	27	206	3	0	0	1	8	0	0	0	1
435	37	306.6	3	0	0	1	8	1	1	4	1
436	18	66.9	3	1	1	0	7	0	0	0	0
437	28	325.2	2	0	1	0	9	0	0	0	1
438	31	177.1	1	0	1	0	7	1	1	2	0
439	49	40.6	1	0	0	1	8	1	1	1	0
440	36	67.7	2	0	1	1	7	0	0	0	0
441	20	147.7	1	0	1	1	7	1	1	1	0
442	31	204.4	2	0	0	1	10	1	1	5	1
443	37	82.9	1	0	0	1	6	0	0	0	0
444	27	275.6	1	0	1	1	8	1	1	3	1
445	25	373.1	2	0	1	1	10	1	1	3	1
446	27	196.7	3	0	1	1	6	0	0	0	0
447	27	159	2	1	1	1	7	1	2	3	1
448	38	147.7	1	0	1	0	7	1	1	4	0
449	30	100.2	2	0	1	0	8	1	3	4	1
450	35	246.3	1	0	1	0	6	0	0	0	0
451	21	332.3	2	1	1	1	7	0	0	0	0
452	47	96.8	3	0	1	1	7	1	1	4	1
453	23	375.3	1	0	1	0	7	1	1	4	0
454	26	332	3	0	1	1	10	1	1	6	1
455	30	90.1	1	0	1	0	7	0	0	0	0
456	34	330.7	1	1	1	1	8	0	0	0	0
457	31	230.1	2	1	1	0	10	1	2	3	1
458	52	371.8	3	0	1	0	8	1	1	4	1
459	30	102.2	2	0	0	1	6	0	0	0	0
460	26	379.6	6	0	1	1	8	0	0	0	1
461	30	224.1	1	0	1	1	9	1	1	3	1
462	26	110.3	2	0	1	0	7	0	0	0	0
463	37	187.4	3	0	1	1	9	1	3	6	0
464	38	106.1	2	0	1	1	8	1	2	3	0
465	25	327.1	1	0	1	1	7	1	1	3	0
466	35	97	2	0	1	1	7	0	0	0	0
467	39	94.7	1	0	0	1	5	0	0	0	0
468	43	335.5	2	0	1	1	10	1	1	2	1
469	36	172	1	0	1	1	9	1	1	1	0
470	29	327.6	2	0	1	1	9	1	2	5	1
471	24	144.8	2	1	1	0	9	1	2	3	1
472	23	248.8	2	0	0	1	10	0	0	0	0
473	26	458.1	1	0	1	1	6	0	0	0	1
474	23	112.5	2	0	1	1	7	0	0	0	0
475	18	194.4	2	0	1	0	9	1	1	5	1
476	27	370.8	2	0	1	0	7	1	1	2	1
477	22	297.9	1	0	0	1	8	1	1	3	1
478	33	150.3	1	0	1	1	9	1	1	1	0
479	49	135.6	1	0	0	1	5	0	0	0	0
480	33	212.6	3	0	1	1	9	1	4	3	1
481	34	112.8	2	1	1	0	5	0	0	0	0
482	54	211.5	3	0	1	0	9	1	1	3	1
483	28	248.8	2	0	0	1	10	0	0	0	0
484	23	193.9	5	0	1	1	9	0	0	0	0
485	25	128.8	2	0	1	1	5	0	0	0	0
486	25	199.9	1	0	1	0	7	0	0	0	0
487	41	165.6	1	0	1	1	8	1	1	1	1
488	32	126.1	1	0	1	0	6	0	0	0	0
489	23	116.2	2	1	1	1	8	1	2	4	1
490	25	195.2	3	0	1	1	8	0	0	0	1
491	28	232.5	6	0	1	1	8	1	1	8	1
492	27	78.7	1	0	0	1	5	0	0	0	0
493	21	153.1	1	0	1	1	9	1	1	3	0
494	43	214.8	4	1	1	1	10	1	1	4	1
495	21	327.3	8	1	0	0	7	1	2	10	1
496	35	200.7	3	0	1	1	7	0	0	0	0
497	23	240.4	2	0	1	1	7	0	0	0	1
498	38	130.9	1	0	1	0	10	0	0	0	0
499	25	231.6	2	0	0	1	10	1	2	4	1
500	41	253.1	3	0	1	1	7	0	0	0	0
501	33	299.6	2	0	1	0	8	1	1	3	1
502	33	262.7	6	0	1	1	7	0	0	0	0
503	29	466.6	1	0	1	1	8	1	1	4	0
504	23	253.8	2	0	1	0	8	1	3	4	1
505	26	103.1	2	1	0	1	10	1	1	2	1
506	38	277.9	2	0	1	0	10	1	10	2	1
507	23	176.2	3	1	1	1	6	1	2	4	1
508	32	421.6	1	0	1	1	7	0	0	0	1
509	25	154.5	1	0	1	1	8	0	0	0	0
510	32	405.6	2	0	0	1	10	1	1	2	1
511	33	150.9	2	0	1	0	10	1	1	3	1
512	25	441.4	3	0	1	1	8	0	0	0	1
513	33	190.9	2	1	0	1	8	1	1	4	1
514	24	294.9	2	0	1	0	7	0	0	0	1
515	29	297.3	2	0	1	1	7	0	0	0	1
516	34	174.3	2	0	0	1	9	1	1	5	0
517	56	509.1	1	0	1	0	7	1	1	1	1
518	36	101.2	2	0	1	1	7	0	0	0	0
519	23	197.1	2	0	1	1	7	0	0	0	0
520	35	159.4	1	0	1	1	6	0	0	0	0
521	39	246.2	2	0	1	0	8	1	1	5	0
522	30	179	1	0	1	0	7	0	0	0	0
523	19	126.2	6	0	1	1	7	0	0	0	0
524	37	324.5	2	1	1	1	5	0	0	0	1
525	25	46.7	2	1	1	1	0	1	9	4	1
526	23	378.2	2	0	1	1	9	1	2	2	1
527	46	94.6	1	0	1	1	7	0	0	0	0
528	33	93.3	3	0	1	1	8	1	2	6	0
529	53	337.2	2	0	1	0	10	1	4	3	1
530	18	88.1	2	0	1	1	10	1	2	4	1
531	38	196.5	2	0	1	0	9	1	2	3	1
532	33	73.9	1	0	1	0	5	0	0	0	0
533	32	488.7	5	0	1	0	10	1	1	5	1
534	35	102.7	1	0	1	1	7	0	0	0	0
535	41	183	2	0	1	1	6	0	0	0	0
536	38	157.1	2	0	1	0	6	0	0	0	0
537	28	136.4	2	0	1	0	10	1	1	4	1
538	25	135.3	2	0	1	1	9	1	2	2	1
539	28	95.9	1	0	1	1	9	1	1	3	0
540	32	186.7	2	0	0	1	9	1	3	4	0
541	40	66.2	1	0	1	1	8	0	0	0	0
542	25	403.1	2	0	0	1	9	0	0	0	1
543	28	253.2	2	1	1	0	9	0	0	0	1
544	30	162.4	3	0	1	0	7	0	0	0	0
545	37	382.2	4	0	1	1	8	1	1	7	0
546	19	118.7	2	1	1	1	7	0	0	0	1
547	67	140.6	2	0	1	1	8	1	2	2	0
548	36	93.7	1	0	0	1	8	0	0	0	0
549	30	75.6	4	1	1	0	9	0	0	0	1
550	31	112.4	1	0	1	0	7	1	1	2	0
551	30	126.4	1	1	0	1	6	1	1	2	1
552	18	180.7	2	1	1	0	8	1	5	4	1
553	28	137.2	2	1	1	1	9	1	1	4	1
554	23	124.7	2	0	1	1	7	0	0	0	0
555	20	207.8	3	0	1	1	9	1	2	4	0
556	21	389.4	2	0	0	1	6	1	4	5	1
557	24	269	2	1	1	0	7	0	0	0	1
558	29	98	2	0	1	0	7	1	1	4	1
559	28	103.9	1	0	1	0	6	0	0	0	0
560	34	230.2	2	1	1	0	9	0	0	0	1
561	35	184.8	3	0	1	0	7	0	0	0	1
562	29	71.2	2	1	1	0	7	0	0	0	0
563	21	84	1	0	1	0	5	0	0	0	0
564	44	443.3	2	0	1	0	8	1	1	3	0
565	28	109.4	2	0	1	1	5	0	0	0	0
566	41	110.9	2	0	1	0	6	0	0	0	0
567	24	153.6	2	1	0	0	10	1	7	5	1
568	33	429.3	3	0	1	0	7	1	1	3	1
569	30	312.2	2	1	1	1	7	1	1	4	1
570	22	159.8	3	1	1	1	8	0	0	0	0
571	27	308.6	3	0	1	0	7	1	1	4	1
572	31	134.9	2	1	1	1	10	0	0	0	1
573	26	330	2	1	1	0	9	1	1	3	1
574	31	239.3	2	0	1	1	7	0	0	0	0
575	21	241.5	2	0	1	1	7	0	0	0	1
576	18	73	4	0	1	0	7	0	0	0	0
577	26	105.6	1	0	1	1	9	0	0	0	0
578	24	112.4	1	0	1	1	7	1	1	3	0
579	29	271.8	1	0	1	1	7	1	1	2	1
580	28	205	3	0	1	0	8	1	3	6	1
581	37	502.6	3	1	0	1	8	1	3	6	1
582	28	269.5	3	1	1	1	8	1	1	3	1
583	27	207.4	6	0	1	1	6	0	0	0	0
584	31	169.3	3	0	1	1	9	0	0	0	0
585	23	82.5	2	0	1	1	7	0	0	0	0
586	51	197.2	2	0	1	0	7	0	0	0	1
587	23	220.3	2	0	0	1	10	1	1	5	1
588	23	42.1	2	0	1	1	5	1	2	3	1
589	29	241.7	3	1	1	0	10	0	0	0	1
590	23	166.9	2	0	1	1	7	0	0	0	1
591	23	194.9	3	1	1	0	4	1	1	3	1
592	30	383.3	1	0	1	1	7	1	1	2	0
593	24	219	1	0	1	0	8	1	1	3	1
594	40	189.7	2	0	1	1	10	1	1	4	1
595	19	279.5	3	1	0	1	8	1	2	3	1
596	54	88.9	1	0	1	0	7	1	1	1	0
597	36	62.5	2	1	1	0	10	1	1	2	0
598	30	316.1	1	0	1	1	5	0	0	0	0
599	37	401.9	1	0	1	0	6	0	0	0	0
600	25	120.5	2	1	1	1	7	1	3	5	1
601	23	321.6	2	0	1	1	9	0	0	0	1
602	24	90	2	0	1	0	6	0	0	0	0
603	29	92.5	1	0	1	1	8	1	1	4	0
604	28	476.4	3	0	0	1	10	1	1	5	1
605	35	273	2	1	1	1	10	1	1	3	1
606	43	255.7	2	1	1	0	10	1	1	4	1
607	25	60	2	0	1	1	10	1	1	2	1
608	37	391.1	2	0	1	1	9	0	0	0	1
609	29	265.5	2	0	1	1	7	0	0	0	1
610	26	144.7	1	0	0	1	7	1	1	1	0
611	27	350.6	2	0	1	1	6	0	0	0	0
612	31	229.7	2	0	1	1	10	1	2	2	1
613	22	196.8	3	0	1	0	8	0	0	0	1
614	33	143.8	1	0	1	1	6	0	0	0	0
615	21	71	3	0	0	1	8	0	0	0	1
616	32	186	4	0	0	1	10	1	1	5	1
617	41	119.3	2	0	1	0	7	1	1	5	1
618	22	505.7	1	0	1	0	10	1	1	4	1
619	26	139.6	1	0	0	1	6	0	0	0	0
620	36	121.6	1	0	1	0	9	1	1	1	0
621	30	257.8	2	0	1	1	7	0	0	0	1
622	22	182.7	2	0	1	0	8	1	1	2	1
623	31	158.6	2	1	1	0	7	0	0	0	0
624	34	213.2	3	0	1	0	8	1	1	3	1
625	33	168.3	2	0	1	1	10	1	3	2	1
626	32	136	1	0	0	1	10	1	1	1	0
627	29	162.3	2	1	1	1	7	1	1	3	1
628	31	131.2	3	0	1	0	6	1	1	4	0
629	34	267.1	3	0	1	1	7	1	1	5	1
630	44	180.3	1	1	1	1	7	0	0	0	0
631	28	267.8	4	0	1	1	8	1	2	4	0
632	25	242.7	2	0	1	1	10	1	12	4	1
633	32	252.5	2	0	1	0	9	0	0	0	1
634	42	279.7	3	0	0	1	10	1	1	3	1
635	25	184	2	0	1	0	10	1	1	3	1
636	21	221.8	1	0	1	1	9	1	1	2	1
637	31	190	2	0	1	1	9	1	4	4	1
638	24	54.9	2	0	1	0	8	0	0	0	0
639	33	130.5	2	1	0	1	8	1	1	4	0
640	28	190.1	4	0	1	0	10	1	1	7	0
641	47	549.9	3	0	0	1	6	0	0	0	0
642	35	111.3	1	0	1	0	7	0	0	0	0
643	33	81.6	1	0	1	1	7	0	0	0	0
644	37	85.3	1	0	1	1	8	1	1	2	1
645	30	126.2	2	0	1	1	6	1	1	3	1
646	27	109.4	2	1	1	1	8	1	2	3	1
647	21	211.4	2	0	1	1	9	1	2	2	1
648	36	33.9	3	0	1	1	9	1	3	6	0
649	22	192.3	3	0	1	1	9	1	3	6	1
650	21	66.1	2	1	1	0	8	1	3	3	1
651	27	329.6	2	0	1	1	10	1	1	5	0
652	27	34.4	1	0	0	1	6	0	0	0	0
653	29	259.4	2	0	1	1	7	0	0	0	0
654	34	322.8	1	0	0	1	8	0	0	0	0
655	18	242.8	3	1	1	1	10	1	2	4	1
656	39	191.9	3	0	1	1	8	0	0	0	1
657	27	419.3	3	0	1	1	8	0	0	0	1
658	26	171	1	0	0	1	6	0	0	0	0
659	32	247	2	1	1	1	8	1	3	2	1
660	28	417.7	3	0	1	1	9	1	1	3	1
661	25	386.5	2	1	1	0	8	0	0	0	1
662	44	40.6	1	0	1	0	8	1	1	3	0
663	23	239.2	10	0	1	1	7	0	0	0	0
664	27	194.5	2	0	1	1	6	0	0	0	0
665	30	192	2	0	1	1	8	1	4	5	1
666	21	252	2	1	0	1	8	0	0	0	1
667	28	548.2	2	1	1	1	8	1	3	3	1
668	36	197.8	4	0	1	1	10	1	1	7	1
669	29	227.3	2	0	1	1	10	1	3	5	1
670	33	149.3	2	0	1	0	5	0	0	0	0
671	38	126.4	1	0	1	1	9	1	1	3	0
672	25	245.9	4	0	1	1	10	1	5	5	1
673	25	314.7	5	0	1	0	9	1	1	7	1
674	29	341.5	2	0	1	1	9	1	2	2	1
675	36	230.2	3	0	1	0	10	1	3	3	1
676	22	174.3	1	0	1	1	7	0	0	0	0
677	31	290.5	5	0	1	1	10	1	1	5	1
678	28	251.6	2	0	1	1	8	1	1	3	1
679	41	226	2	0	1	1	8	1	1	2	1
680	22	319.4	2	1	1	1	8	1	1	2	1
681	31	113.9	3	0	1	1	5	0	0	0	0
682	33	165.5	2	0	1	0	5	0	0	0	0
683	23	351.4	2	0	1	0	9	1	1	2	1
684	23	277.1	2	0	1	0	8	1	1	2	1
685	25	309.2	2	0	0	1	7	1	1	4	0
686	24	109.8	4	0	0	1	6	0	0	0	0
687	43	509.9	1	0	1	0	7	1	1	3	1
688	30	68	1	1	1	0	7	0	0	0	0
689	25	524.7	8	1	1	0	10	1	2	11	1
690	23	102.5	2	0	1	1	7	1	2	2	1
691	36	74.9	1	0	1	1	7	0	0	0	0
692	34	65.8	2	1	1	0	7	0	0	0	0
693	23	204.5	4	1	0	1	9	0	0	0	1
694	33	142.4	1	0	1	1	7	0	0	0	1
695	58	218.9	2	0	1	0	7	0	0	0	1
696	21	212.3	2	1	1	1	7	1	2	4	1
697	19	299.3	2	0	1	0	9	0	0	0	1
698	25	125.3	1	0	1	0	5	0	0	0	0
699	24	571.9	3	0	1	1	10	1	2	5	1
700	25	147.2	2	0	1	0	4	0	0	0	0
701	26	258.8	1	0	1	0	10	1	1	1	0
702	29	123.8	2	0	1	1	10	1	2	5	1
703	37	181.6	3	0	1	1	8	1	3	5	0
704	55	33.3	3	0	1	1	9	0	0	0	0
705	44	226	2	1	0	1	2	0	0	0	1
706	28	230.1	3	0	1	1	10	1	2	6	1
707	33	216.9	2	0	1	1	6	0	0	0	1
708	29	267.3	2	0	1	1	6	1	2	2	1
709	23	139.2	7	0	1	0	7	0	0	0	0
710	42	267.9	3	0	1	1	7	0	0	0	0
711	23	237.6	2	0	1	1	7	0	0	0	0
712	27	402.3	2	0	1	1	7	0	0	0	1
713	33	85.4	2	0	1	1	8	1	1	5	0
714	33	257.8	7	1	1	0	10	1	2	9	1
715	33	210.6	1	0	1	0	8	1	1	2	0
716	35	259.1	1	0	1	1	8	1	1	2	0
717	31	95.9	1	0	1	1	9	1	1	4	0
718	21	142.5	1	0	1	0	7	1	1	1	0
719	20	310.6	2	0	1	1	10	1	2	2	1
720	28	182.4	3	1	0	1	8	0	0	0	0
721	28	140.4	1	0	0	1	7	0	0	0	0
722	34	104.1	1	0	1	0	6	0	0	0	0
723	25	170.7	3	0	1	1	8	0	0	0	0
724	29	270.6	1	0	1	1	10	1	1	4	1
725	26	315.9	3	0	1	0	10	1	3	5	1
726	40	196	2	0	1	1	8	0	0	0	1
727	29	79.6	2	0	1	0	8	1	3	5	1
728	25	311.7	4	1	1	0	8	0	0	0	1
729	31	274.6	2	0	1	1	10	1	1	5	1
730	30	75.3	2	0	1	1	7	0	0	0	0
731	23	244.7	1	0	1	1	8	1	1	4	1
732	33	254.9	2	0	1	1	10	1	4	4	1
733	30	128.7	2	0	1	0	8	1	2	5	1
734	35	194.6	2	0	1	0	7	1	1	3	0
735	32	500.8	3	1	1	0	7	1	1	4	1
736	25	70.5	1	0	1	1	7	0	0	0	0
737	28	74.2	1	0	1	0	7	0	0	0	0
738	31	237.9	2	0	1	1	10	1	2	3	1
739	32	248.2	2	0	0	1	10	1	4	2	1
740	18	144.9	4	0	1	0	7	0	0	0	0
741	28	597.3	2	0	1	1	9	1	1	3	1
742	58	179.4	2	1	1	1	10	0	0	0	1
743	26	136.4	1	0	1	1	5	0	0	0	0
744	32	210.8	3	1	1	1	10	0	0	0	1
745	36	316.4	3	0	1	1	10	1	1	4	1
746	30	106.6	4	0	1	1	9	1	2	6	1
747	21	149.1	1	0	0	1	6	0	0	0	0
748	34	221.9	1	0	1	1	10	1	1	3	1
749	25	127.3	2	0	1	1	9	0	0	0	0
750	19	98.8	8	1	0	0	10	1	1	11	1
751	31	282.6	2	1	1	1	9	1	1	5	1
752	30	21.8	1	1	1	1	7	1	1	2	1
753	35	221.2	3	1	1	1	6	1	1	3	1
754	30	148.7	2	0	0	1	9	1	2	5	0
755	46	85.4	1	0	1	1	8	1	1	1	1
756	26	223.8	2	0	1	0	8	0	0	0	0
757	25	78.9	4	0	1	1	8	1	1	7	0
758	22	264.9	1	1	1	1	7	1	1	1	1
759	21	202.8	2	1	1	1	8	1	1	4	1
760	23	268.9	1	0	1	1	10	0	0	0	0
761	29	150.2	1	0	1	1	8	1	1	2	1
762	34	72.1	2	0	1	0	6	0	0	0	0
763	27	217.2	1	1	0	1	9	1	1	1	1
764	22	246.9	2	0	1	1	7	0	0	0	1
765	32	311.7	4	1	1	1	8	0	0	0	1
766	65	197.3	3	0	1	1	10	1	1	3	1
767	37	241.9	2	0	1	0	5	1	3	4	1
768	30	117.5	3	0	1	0	8	0	0	0	0
769	24	385.8	2	0	1	0	6	1	1	5	1
770	30	363	4	0	1	1	10	1	1	7	1
771	25	52.9	2	1	1	1	10	0	0	0	1
772	44	99.6	2	0	0	1	6	0	0	0	0
773	31	247.8	2	1	1	1	8	1	2	3	1
774	22	126.7	2	0	1	0	6	0	0	0	0
775	23	203.1	2	0	1	0	8	1	2	4	1
776	34	170.8	2	1	1	0	6	0	0	0	0
777	33	163.2	1	0	1	1	7	1	1	1	0
778	25	291.6	2	1	1	1	5	1	4	5	1
779	24	403.1	2	0	0	1	9	0	0	0	1
780	25	319.3	1	1	1	0	10	1	1	3	1
781	36	233.8	2	0	1	0	9	0	0	0	1
782	38	125.8	5	1	1	1	8	1	1	6	1
783	27	264.7	2	1	0	0	7	1	3	4	1
784	33	130.5	1	0	1	1	7	0	0	0	0
785	27	344.1	5	0	1	1	9	1	3	5	0
786	62	727.3	1	1	1	1	8	1	1	4	1
787	25	184.9	1	0	1	0	6	0	0	0	1
788	30	203.8	2	0	0	1	8	1	1	2	1
789	32	226.9	1	0	0	1	9	1	1	2	0
790	23	292.8	1	0	1	1	7	0	0	0	0
791	23	111.6	2	0	1	1	7	0	0	0	0
792	35	190.8	2	0	1	0	10	1	1	4	1
793	30	60.7	2	0	1	0	7	1	3	2	1
794	34	183.6	2	0	1	0	10	1	1	4	1
795	25	277.2	2	0	1	1	6	0	0	0	0
796	20	350.1	5	1	1	1	4	1	6	6	1
797	27	166.9	2	0	1	0	10	1	3	2	0
798	31	255.9	9	0	1	0	7	0	0	0	1
799	25	317	2	1	1	0	8	1	3	3	1
800	38	238	1	0	1	1	10	1	1	1	1
801	39	130.5	2	1	0	1	0	1	1	2	1
802	31	221.2	4	0	1	0	9	1	1	7	1
803	23	72.7	2	0	0	1	5	0	0	0	0
804	33	283.1	2	0	1	1	8	1	3	2	1
805	31	408	1	0	1	1	6	0	0	0	0
806	25	183	2	0	1	1	9	1	1	5	0
807	45	128	3	0	1	0	10	0	0	0	0
808	27	139.2	1	0	0	1	6	0	0	0	0
809	32	67.7	4	0	1	0	6	0	0	0	0
810	42	183.7	2	0	0	1	9	1	2	3	1
811	21	546.9	3	0	1	1	7	1	3	3	1
812	36	233.8	2	0	0	1	9	0	0	0	1
813	36	182.1	7	0	1	0	5	0	0	0	0
814	21	59.2	1	0	0	1	10	1	1	1	0
815	31	186.1	3	0	1	0	8	1	1	4	1
816	24	165.1	3	0	0	1	5	1	3	3	1
817	22	218.3	2	1	1	1	9	1	1	4	1
818	29	124.7	1	0	1	1	7	0	0	0	0
819	28	281.6	2	1	1	0	7	1	2	4	1
820	37	53.6	2	0	1	1	10	1	1	4	0
821	34	226.1	6	0	1	1	7	0	0	0	1
822	27	177.4	6	0	0	1	5	0	0	0	0
823	30	260.2	2	0	1	1	6	1	2	3	1
824	41	145.1	1	0	1	1	6	0	0	0	0
825	21	329.4	2	0	0	1	6	1	1	3	1
826	39	356.9	2	0	1	0	8	0	0	0	1
827	38	380.3	1	0	1	1	9	0	0	0	0
828	18	225.4	2	1	0	0	9	0	0	0	1
829	20	114.8	3	0	1	0	8	0	0	0	0
830	25	166.3	2	0	0	1	6	0	0	0	1
831	36	245.5	2	0	1	0	10	1	1	5	1
832	38	301.2	4	1	1	1	6	1	1	6	1
833	25	200.7	1	0	0	1	9	1	1	2	1
834	29	53.7	8	0	1	0	9	0	0	0	0
835	31	150.3	1	0	1	1	9	1	1	4	0
836	43	112.9	1	0	1	0	8	0	0	0	0
837	74	127.4	2	0	1	0	7	0	0	0	0
838	27	121.2	3	0	1	1	9	1	2	3	1
839	21	58.2	4	1	1	1	7	1	5	4	0
840	18	57.4	2	0	1	0	8	1	2	5	0
841	23	329.5	4	0	1	1	9	0	0	0	1
842	32	329.5	4	0	1	1	9	0	0	0	1
843	41	173	1	0	1	0	8	1	1	3	0
844	31	128.2	1	0	1	0	9	1	1	4	0
845	22	45.4	2	1	1	0	9	1	2	2	1
846	27	256.3	2	0	1	1	6	1	1	4	1
847	32	46.3	7	1	1	0	7	0	0	0	0
848	31	92.5	1	0	1	0	8	1	1	4	0
849	25	317.9	3	0	1	0	6	0	0	0	0
850	32	317	2	0	1	1	10	1	1	3	1
851	21	110.4	2	0	1	0	5	0	0	0	0
852	21	208	2	0	1	1	7	0	0	0	1
853	26	79.3	3	0	1	0	5	0	0	0	0
854	30	138.5	2	0	1	0	7	0	0	0	0
855	28	78.2	3	0	0	1	8	0	0	0	0
856	45	229.9	2	0	1	1	10	1	3	4	1
857	33	70.5	2	0	0	1	5	0	0	0	0
858	26	68.9	1	0	0	1	6	0	0	0	0
859	34	56.7	1	0	1	1	8	0	0	0	0
860	42	278.1	5	0	0	1	10	1	1	7	1
861	21	62.4	2	0	1	1	10	1	1	5	1
862	43	65	1	0	1	1	6	0	0	0	0
863	33	72.3	1	0	1	1	7	0	0	0	0
864	34	194.9	2	0	1	1	10	1	1	3	1
865	22	145.6	1	0	1	1	7	0	0	0	0
866	24	280.2	3	1	1	1	9	1	4	3	1
867	46	102.3	10	1	1	0	7	0	0	0	0
868	27	293.2	2	1	1	1	10	1	3	3	1
869	48	300.1	3	0	1	1	9	1	1	4	1
870	33	420.3	2	0	1	1	10	1	2	3	1
871	38	155.6	2	0	1	1	7	0	0	0	0
872	21	133.4	1	0	0	1	5	0	0	0	0
873	24	84.6	1	0	1	1	7	1	1	1	1
874	25	117.7	2	0	1	0	8	0	0	0	0
875	25	277.1	2	0	1	0	10	0	0	0	1
876	27	196.7	1	1	1	1	10	1	1	2	1
877	41	197.3	2	1	1	1	9	1	1	3	1
878	28	84.3	3	0	1	0	8	0	0	0	0
879	35	117.2	3	0	1	1	7	0	0	0	0
880	28	230.3	5	1	1	1	9	1	1	8	1
881	30	171.4	2	0	1	1	7	1	1	2	1
882	33	77.6	2	0	1	1	7	0	0	0	0
883	37	214.5	3	0	0	1	9	1	1	3	1
884	28	101.7	2	1	1	1	10	1	3	2	0
885	19	108	2	0	1	0	6	0	0	0	0
886	28	61.2	4	0	1	1	8	1	1	4	1
887	31	280.6	1	0	1	1	8	1	1	1	0
888	31	600.6	1	0	0	1	5	1	1	4	1
889	37	361.9	2	0	1	0	10	1	2	2	1
890	25	126.4	2	0	1	0	8	0	0	0	1
891	26	219.3	2	0	1	0	7	0	0	0	0
892	36	196	2	0	1	1	8	0	0	0	1
893	24	120.2	2	0	1	1	6	1	1	5	1
894	33	68.3	2	0	0	1	8	0	0	0	0
895	30	137.3	1	0	1	1	8	1	1	4	0
896	42	369.2	1	1	1	1	9	1	1	1	1
897	27	172.7	2	0	1	1	6	1	1	4	1
898	20	265.6	2	1	1	0	10	1	1	4	1
899	19	170.5	2	0	1	1	8	1	1	3	1
900	44	210.4	2	1	1	0	7	0	0	0	1
901	38	75.5	2	0	0	1	6	0	0	0	0
902	20	140.2	1	0	1	1	8	1	1	4	0
903	20	234.4	2	0	1	1	10	1	1	2	1
904	35	284.2	1	0	1	0	10	1	1	2	1
905	29	477.7	1	0	1	0	8	1	1	1	1
906	32	111.6	1	0	1	0	7	0	0	0	0
907	26	300.9	4	0	1	1	7	0	0	0	1
908	27	192.9	1	1	1	1	8	1	1	1	1
909	35	96.5	1	0	1	0	10	1	1	1	0
910	31	150.6	1	0	1	0	8	0	0	0	0
911	24	80	1	0	1	0	6	0	0	0	0
912	30	187.8	2	0	1	0	10	1	2	2	1
913	25	164.6	1	0	0	1	7	0	0	0	0
914	32	115.5	2	0	1	0	8	0	0	0	0
915	38	188.3	2	1	1	1	10	1	3	2	1
916	22	332.6	2	0	1	0	7	0	0	0	1
917	25	218.7	2	0	1	1	8	1	2	2	1
918	41	50	9	1	1	1	7	1	5	10	0
919	29	170	2	0	1	0	7	0	0	0	0
920	30	221.7	2	0	1	1	9	1	3	5	1
921	28	72.1	2	1	1	1	7	0	0	0	0
922	33	485.9	2	0	0	1	5	0	0	0	0
923	37	88.7	1	1	1	1	6	0	0	0	1
924	36	176.5	2	0	0	1	6	1	2	3	1
925	23	124.9	5	0	1	0	8	1	2	6	0
926	23	239.6	1	0	1	1	10	1	1	3	1
927	38	157	1	0	1	1	8	1	1	1	0
928	29	186	2	1	1	0	5	1	1	4	1
929	28	34.4	3	0	1	0	10	1	3	3	0
930	37	113.3	7	0	1	1	7	0	0	0	1
931	27	493.5	1	0	1	1	8	1	1	1	0
932	22	55	1	0	1	1	7	0	0	0	0
933	36	229.7	2	0	1	1	10	1	3	2	1
934	19	160.8	2	0	1	1	10	1	1	3	1
935	30	165.4	2	0	1	0	8	1	2	3	1
936	28	122.5	3	0	1	0	7	1	4	6	1
937	31	64.3	4	0	1	0	7	0	0	0	0
938	24	242.7	2	1	1	1	10	0	0	0	1
939	29	324.5	2	0	1	0	9	1	1	5	1
940	29	252.9	1	0	1	1	8	1	1	1	0
941	40	160	2	0	1	1	8	0	0	0	0
942	23	57.3	2	0	1	0	8	1	5	3	1
943	26	105	5	0	1	1	7	0	0	0	0
944	36	145.8	4	0	1	0	9	1	1	4	1
945	40	294.9	2	0	1	0	8	1	4	4	1
946	27	200.2	4	0	1	1	10	1	5	7	1
947	27	569.8	3	1	1	1	5	1	1	6	1
948	33	352.7	9	1	0	0	6	1	1	9	1
949	29	236.2	3	0	1	1	8	1	2	5	1
950	26	580.5	2	0	1	0	10	1	1	2	1
951	21	305.8	2	0	1	1	6	0	0	0	0
952	35	204	3	0	1	0	10	1	2	5	1
953	34	182.8	4	0	1	0	6	0	0	0	0
954	20	126.4	4	1	1	1	7	0	0	0	0
955	24	207.7	2	1	0	1	10	1	1	2	1
956	28	52.2	2	0	1	1	6	0	0	0	0
957	52	200.4	1	1	0	1	8	1	1	2	1
958	31	111.1	8	0	1	1	7	0	0	0	0
959	21	309.5	2	0	1	1	9	1	3	3	1
960	25	173	1	0	1	1	8	1	1	1	0
961	34	407.1	2	0	1	1	7	0	0	0	1
962	26	122.3	1	0	1	1	8	1	1	3	1
963	27	386.5	2	1	1	1	8	0	0	0	1
964	38	246.7	2	0	1	0	9	1	1	2	1
965	40	91.9	3	0	1	0	8	0	0	0	1
966	36	73.2	1	0	1	0	9	1	1	4	0
967	20	121.9	2	0	1	1	10	1	3	3	1
968	26	217.6	2	0	1	0	10	1	1	4	1
969	25	320	3	1	1	0	9	0	0	0	1
970	21	119.4	1	0	1	1	7	1	1	4	1
971	37	296	2	0	1	1	10	1	1	2	1
972	27	197.9	2	0	1	0	10	1	1	5	1
973	41	216.4	5	0	1	1	7	0	0	0	1
974	30	169.9	1	0	1	0	6	0	0	0	0
975	28	291.8	3	1	1	0	9	0	0	0	1
976	25	284.2	1	0	0	1	9	1	1	2	0
977	28	364.6	2	1	1	1	7	0	0	0	1
978	37	387.6	4	1	1	0	9	1	1	6	1
979	20	190.4	4	0	1	1	10	1	1	5	1
980	27	219	3	0	1	1	7	0	0	0	1
981	24	162.5	2	0	1	0	10	1	2	3	1
982	39	326.2	3	0	1	0	6	1	1	3	1
983	30	512.2	3	0	1	1	6	1	4	6	1
984	30	61.6	1	0	1	0	9	0	0	0	0
985	41	181.4	2	1	1	1	5	0	0	0	0
986	26	536.5	4	0	1	0	8	1	1	4	1
987	47	439.4	2	0	1	0	10	1	2	3	1
988	26	275.6	3	0	1	0	7	1	1	6	1
989	33	595.5	3	0	1	1	7	1	1	3	1
990	20	194.4	2	0	1	1	10	1	2	4	1
991	19	86	2	0	1	0	6	0	0	0	0
992	24	214.4	2	0	1	0	6	0	0	0	1
993	37	310.7	2	0	1	1	10	1	1	4	1
994	25	47.9	4	0	1	1	9	0	0	0	0
995	23	205.9	3	0	1	0	7	0	0	0	0
996	43	518.1	4	0	1	0	6	1	2	6	1
997	20	344.1	2	1	1	1	10	1	1	2	0
998	24	509.7	2	1	1	1	9	1	1	5	1
999	20	72	2	0	1	1	7	0	0	0	0
1000	41	288.3	2	0	1	1	10	1	1	2	1
1001	28	188.9	2	1	1	0	9	1	1	5	1
1002	22	39.2	2	0	1	1	7	1	1	2	1
1003	35	533.6	1	0	1	0	7	0	0	0	0
1004	28	140.2	4	0	1	1	10	1	2	6	1
1005	27	104	2	1	1	1	8	0	0	0	0
1006	39	55.5	1	1	1	1	8	0	0	0	0
1007	32	191.2	2	0	0	1	10	1	2	3	1
1008	26	143.9	2	0	1	1	10	0	0	0	1
1009	27	384.4	2	0	1	1	8	0	0	0	0
1010	27	502.3	3	0	1	1	7	0	0	0	0
1011	38	330.3	3	0	1	0	10	1	1	6	1
1012	35	236.4	4	1	1	1	10	1	1	6	1
1013	31	384.4	2	0	1	1	8	0	0	0	0
1014	51	112.8	5	0	1	0	6	0	0	0	0
1015	33	419.3	3	0	1	1	8	0	0	0	1
1016	23	289.5	1	0	1	1	8	1	1	1	0
1017	28	186.7	2	0	1	1	8	1	3	5	1
1018	19	367.9	3	1	1	1	7	1	1	5	1
1019	29	177.4	4	0	0	1	6	0	0	0	0
1020	22	253.9	3	0	1	1	9	1	1	3	1
1021	38	150.1	1	1	1	0	8	0	0	0	0
1022	41	391.1	2	0	1	0	9	0	0	0	1
1023	22	245.8	1	0	1	1	10	1	1	2	1
1024	22	91.4	3	0	1	0	7	0	0	0	0
1025	42	155.4	2	0	0	1	9	1	2	5	1
1026	31	277.9	4	1	1	1	7	1	2	5	1
1027	32	126.7	1	0	1	1	6	0	0	0	0
1028	31	214.9	3	0	0	1	5	0	0	0	0
1029	34	113.7	4	0	1	1	7	0	0	0	0
1030	31	84.6	6	0	1	1	6	0	0	0	0
1031	28	180.5	1	0	0	1	6	1	1	3	0
1032	21	412.7	1	0	1	1	9	1	1	2	1
1033	20	35.3	2	0	1	1	6	0	0	0	1
1034	30	129.3	3	0	1	1	5	0	0	0	0
1035	27	377.3	3	0	0	1	7	0	0	0	0
1036	31	210.8	3	1	1	0	10	0	0	0	1
1037	24	82	1	0	1	1	7	1	1	3	0
1038	30	127.5	1	0	1	0	5	0	0	0	0
1039	26	247.1	4	0	1	1	7	0	0	0	0
1040	31	93.3	1	0	0	1	8	0	0	0	0
1041	46	229.1	2	1	1	0	9	1	2	4	1
1042	35	138.3	1	0	1	0	9	1	1	2	0
1043	27	87.6	1	0	0	1	6	1	1	1	0
1044	36	69.1	2	0	1	1	7	0	0	0	0
1045	31	236.6	1	0	1	1	8	1	1	2	1
1046	24	139.5	4	0	1	1	6	0	0	0	0
1047	56	252.6	2	0	0	1	6	1	2	5	1
1048	46	280.3	2	1	1	1	8	1	4	3	1
1049	21	156.3	2	0	1	0	8	1	2	3	0
1050	32	402.6	3	1	0	1	8	1	1	6	1
1051	30	286.1	2	0	1	1	10	1	3	3	1
1052	34	471	7	0	0	1	8	1	3	8	0
1053	27	184.9	2	0	1	0	7	0	0	0	0
1054	22	196.5	2	0	0	1	10	1	1	4	1
1055	46	228	4	0	1	0	9	0	0	0	1
1056	33	376	1	1	1	1	9	0	0	0	1
1057	53	128.2	1	0	1	0	9	1	1	1	0
1058	20	376	1	1	1	0	9	0	0	0	1
1059	25	82	1	0	1	0	7	0	0	0	0
1060	30	103.1	3	0	0	1	6	0	0	0	0
1061	26	206.9	4	0	1	1	7	1	1	5	1
1062	25	73.1	2	0	1	1	7	0	0	0	0
1063	24	236.8	5	0	1	0	9	1	1	5	1
1064	27	185.5	3	1	0	1	8	1	1	3	0
1065	36	123.7	2	1	1	0	6	0	0	0	0
1066	29	72.7	1	0	1	0	9	1	1	2	0
1067	28	99.2	1	0	1	1	8	0	0	0	0
1068	27	349.5	2	0	1	0	8	1	3	3	1
1069	28	155.2	6	0	1	0	8	1	3	9	1
1070	32	175.9	1	0	1	1	9	0	0	0	0
1071	25	396.4	2	0	1	1	8	1	1	2	1
1072	27	93.4	5	0	1	1	7	1	6	15	0
1073	30	29.9	9	0	1	1	7	0	0	0	0
1074	44	223.5	1	1	1	1	10	0	0	0	1
1075	24	167.6	4	0	1	1	10	1	1	7	1
1076	32	169.4	1	0	1	1	9	1	1	1	0
1077	18	82.9	2	0	1	1	7	1	6	3	0
1078	23	356.9	2	0	1	0	8	0	0	0	1
1079	24	264.5	2	0	1	1	10	1	3	2	1
1080	34	116.1	1	0	1	1	6	0	0	0	0
1081	28	205.3	2	0	1	1	6	0	0	0	0
1082	37	93	1	0	1	1	9	1	1	3	0
1083	25	184	3	0	1	1	10	1	1	4	1
1084	23	116.1	2	0	1	0	6	1	2	5	1
1085	28	71.5	2	0	1	0	5	0	0	0	0
1086	34	270	2	0	1	1	8	0	0	0	0
1087	22	83.8	2	0	0	1	6	1	4	5	0
1088	25	190.3	3	0	1	0	6	0	0	0	0
1089	38	300.5	2	0	1	1	10	1	3	4	1
1090	32	74.4	3	0	1	0	6	0	0	0	0
1091	32	48.3	2	0	0	1	6	0	0	0	0
1092	21	222.1	2	1	1	1	10	1	1	2	1
1093	29	102	1	0	1	0	9	0	0	0	0
1094	33	219.4	6	1	1	0	9	0	0	0	1
1095	29	191.9	1	0	1	0	7	0	0	0	1
1096	23	67.6	3	0	1	1	6	0	0	0	0
1097	28	172.2	2	0	1	1	6	0	0	0	0
1098	35	107.9	3	0	1	1	7	0	0	0	0
1099	27	325.1	3	0	1	1	8	1	5	6	1
1100	20	178.2	2	0	1	0	10	1	1	2	1
1101	44	131.3	1	0	1	1	7	0	0	0	0
1102	44	668.8	1	0	1	1	10	1	1	1	1
1103	37	79.2	1	0	1	1	8	1	1	3	0
1104	25	196.8	3	0	0	1	8	0	0	0	1
1105	23	93.1	2	0	1	1	7	0	0	0	0
1106	32	259.7	2	0	1	1	7	0	0	0	0
1107	22	278.3	3	1	1	1	9	1	2	6	1
1108	19	121.6	2	0	1	0	7	1	1	2	1
1109	35	144	1	0	1	0	9	1	1	1	0
1110	28	206.5	2	0	1	1	10	0	0	0	1
1111	22	365.8	3	1	1	1	10	1	4	5	1
1112	27	382	1	0	1	1	10	1	1	1	1
1113	29	48.7	2	0	1	1	9	0	0	0	0
1114	27	254.9	2	1	1	0	8	1	1	2	1
1115	34	329.8	2	0	0	1	10	1	2	2	1
1116	20	580.7	3	0	1	1	10	1	1	5	1
1117	36	361.9	2	0	0	1	6	1	2	5	1
1118	26	500.5	3	1	1	0	6	1	3	5	1
1119	29	137.8	1	0	1	0	8	0	0	0	0
1120	31	383.2	2	0	1	0	10	1	1	2	1
1121	21	202.2	3	0	1	0	8	1	3	5	0
1122	21	95.9	1	0	1	1	7	0	0	0	0
1123	26	484.8	3	1	1	1	9	1	1	6	1
1124	36	159.7	1	1	1	1	8	0	0	0	0
1125	22	138.6	3	1	1	0	5	0	0	0	0
1126	36	128.8	2	0	1	1	7	0	0	0	0
1127	24	371.4	4	1	1	1	0	0	0	0	1
1128	39	157	1	0	1	0	8	1	1	4	0
1129	39	143.8	3	0	1	1	9	1	3	6	1
1130	31	146.4	1	1	1	1	7	0	0	0	0
1131	31	254.6	2	0	1	1	7	0	0	0	0
1132	19	214.1	2	0	1	0	8	1	1	5	1
1133	31	512.9	4	1	1	0	9	0	0	0	1
1134	35	199.5	3	0	0	1	8	1	1	5	1
1135	29	165.2	2	0	1	0	8	1	1	3	1
1136	33	104.4	2	0	1	1	7	0	0	0	0
1137	38	152.5	2	0	1	1	7	0	0	0	0
1138	24	232	4	1	1	0	9	1	3	6	1
1139	28	263.5	2	0	1	0	5	1	2	4	1
1140	25	507.4	2	0	0	1	7	0	0	0	0
1141	35	231.3	2	0	1	0	9	1	3	5	1
1142	33	341.9	3	0	1	1	6	1	2	3	1
1143	26	430.9	2	0	1	0	10	1	3	3	1
1144	22	94.8	2	0	1	0	7	0	0	0	0
1145	23	190.6	2	1	1	0	9	0	0	0	1
1146	39	160.9	1	0	0	1	8	0	0	0	0
1147	27	229.1	5	0	1	0	8	1	1	6	1
1148	37	98.3	2	0	1	0	6	0	0	0	0
1149	26	238.2	3	0	0	1	9	1	1	3	1
1150	42	213.4	1	0	1	1	7	1	1	1	0
1151	30	303.3	3	0	1	0	9	0	0	0	0
1152	34	118.4	3	0	1	0	8	1	2	3	1
1153	23	73.9	2	0	1	0	6	0	0	0	1
1154	42	522.7	2	0	1	1	5	0	0	0	0
1155	31	221.7	2	0	0	1	5	1	1	2	1
1156	31	66.9	1	0	0	1	6	0	0	0	0
1157	25	152.1	3	0	1	0	8	1	1	6	0
1158	31	458.2	2	0	1	1	10	1	1	2	1
1159	20	95	1	0	1	1	7	0	0	0	0
1160	35	212.6	3	0	0	1	10	1	1	4	1
1161	20	216.6	2	0	1	1	10	1	1	2	1
1162	19	292.7	2	1	1	1	8	1	1	5	1
1163	27	413	2	0	1	1	7	1	1	5	1
1164	27	76.1	1	0	1	0	10	0	0	0	0
1165	33	152.7	2	0	1	0	10	1	3	2	1
1166	26	163.2	1	0	1	1	7	1	1	1	0
1167	26	291.3	2	1	1	1	8	1	2	3	1
1168	25	207.4	1	0	1	1	7	0	0	0	0
1169	33	286.2	3	0	1	1	8	1	2	3	0
1170	28	262.1	3	0	1	0	7	1	2	3	1
1171	20	587.1	2	0	1	1	8	1	1	2	0
1172	21	150.2	1	0	1	0	8	1	1	4	1
1173	31	338.2	3	0	1	1	10	1	1	5	0
1174	26	293.7	4	0	1	1	8	0	0	0	1
1175	23	117.8	2	0	1	1	9	1	3	5	1
1176	27	142.9	2	0	1	0	9	0	0	0	0
1177	43	178.7	2	1	1	1	8	1	2	4	0
1178	19	159.9	3	1	1	1	10	1	2	6	0
1179	27	159.8	2	0	1	0	8	0	0	0	0
1180	28	336.9	3	0	1	1	10	1	1	3	1
1181	30	289.6	2	1	1	1	7	1	1	2	1
1182	23	373.2	3	0	1	0	5	1	3	3	1
1183	50	311.6	2	0	1	0	10	1	1	4	1
1184	30	153.4	1	0	1	0	8	0	0	0	0
1185	28	172	1	0	1	0	9	1	1	2	0
1186	24	330.7	1	1	1	1	8	0	0	0	0
1187	59	125.5	2	0	0	1	9	1	1	3	0
1188	33	256.4	3	0	1	0	6	1	1	5	1
1189	42	227.8	3	1	1	1	10	1	1	3	1
1190	26	184.6	5	1	1	1	6	1	2	5	1
1191	30	479.2	2	0	0	1	9	1	2	3	1
1192	34	395.2	6	0	0	1	10	1	1	8	1
1193	31	126.2	2	0	1	1	7	0	0	0	0
1194	40	213	1	0	0	1	8	1	1	2	1
1195	36	105.4	2	0	1	1	7	0	0	0	0
1196	32	72.5	3	0	1	1	7	0	0	0	0
1197	30	169.1	2	0	1	1	7	0	0	0	0
1198	33	356.5	2	0	0	1	9	0	0	0	0
1199	34	80.8	3	0	0	1	10	1	1	5	1
1200	40	117.3	3	0	1	0	7	0	0	0	0
1201	22	185.6	2	1	1	0	7	0	0	0	0
1202	23	28.3	2	0	0	1	7	0	0	0	0
1203	30	175.4	3	0	1	1	7	0	0	0	0
1204	22	363.5	3	0	1	0	8	1	2	3	1
1205	25	158	3	1	1	1	8	1	1	12	0
1206	39	119.4	1	0	1	0	7	1	1	3	1
1207	28	88.1	5	0	0	1	6	0	0	0	0
1208	32	123.1	2	0	1	1	7	0	0	0	0
1209	60	166.5	2	0	1	1	7	0	0	0	0
1210	26	182.6	3	0	1	0	7	1	2	3	1
1211	32	321.4	5	0	1	0	10	1	2	8	1
1212	54	214.9	1	1	1	1	10	1	1	4	1
1213	32	107.3	2	0	1	0	9	1	1	3	1
1214	23	170.3	4	0	0	1	10	1	1	4	1
1215	29	223.8	2	0	0	1	8	0	0	0	0
1216	18	109	2	0	1	1	6	0	0	0	0
1217	18	154.8	2	1	1	1	9	1	2	2	1
1218	28	21.8	3	1	1	1	9	1	6	4	1
1219	21	68	1	0	1	1	8	1	1	3	0
1220	34	342.8	2	1	1	0	7	0	0	0	1
1221	32	100.6	1	0	0	1	6	0	0	0	0
1222	28	186.6	2	0	0	1	8	1	1	3	1
1223	32	131.9	2	0	1	1	7	0	0	0	0
1224	25	167.2	2	1	1	1	7	1	1	2	1
1225	29	196.6	2	0	1	1	8	1	3	4	1
1226	33	85.3	1	0	1	1	8	1	1	2	1
1227	29	146.4	2	1	1	0	10	1	3	5	0
1228	26	200.4	2	0	1	1	10	1	1	2	1
1229	29	180	2	0	1	1	5	0	0	0	0
1230	23	165.6	2	0	1	1	8	1	1	4	0
1231	20	184.3	1	0	1	0	9	0	0	0	0
1232	38	422	2	0	1	0	8	1	1	4	1
1233	19	266.2	1	1	1	0	6	1	1	3	1
1234	25	135.9	2	0	1	1	7	0	0	0	0
1235	32	245.3	2	0	0	1	10	1	7	2	1
1236	24	212.9	2	0	0	1	6	0	0	0	1
1237	29	65.3	1	0	0	1	6	0	0	0	0
1238	47	108.9	3	0	0	1	5	0	0	0	0
1239	35	99.1	2	0	1	0	7	0	0	0	0
1240	33	125.3	2	0	1	1	7	0	0	0	0
1241	27	213.8	3	0	1	1	7	0	0	0	0
1242	21	128.4	1	0	1	1	7	0	0	0	0
1243	20	165.6	4	1	0	0	8	1	1	6	0
1244	48	373.4	2	0	0	1	9	1	2	5	1
1245	32	292.2	2	1	1	0	6	1	1	2	1
1246	29	128.7	2	0	1	1	8	0	0	0	0
1247	24	409.3	1	0	1	0	7	0	0	0	0
1248	31	342.3	2	0	1	0	10	0	0	0	0
1249	31	144.3	2	0	1	1	10	1	1	2	0
1250	34	281.1	2	1	1	1	7	0	0	0	0
1251	32	117.4	2	0	0	1	6	0	0	0	0
1252	20	262.4	1	0	0	1	9	1	1	2	0
1253	30	321.7	1	0	1	1	8	1	1	4	0
1254	52	181.1	1	0	1	0	5	1	1	1	1
1255	20	295.1	4	0	0	1	6	0	0	0	1
1256	21	130.9	2	0	1	0	7	0	0	0	0
1257	22	67.9	2	0	1	1	7	0	0	0	0
1258	40	50.4	1	0	1	0	8	0	0	0	0
1259	35	293.7	4	0	1	1	8	0	0	0	1
1260	26	150.2	2	0	1	1	8	0	0	0	1
1261	45	290.8	3	0	1	1	6	0	0	0	0
1262	37	601.3	1	0	1	1	7	0	0	0	0
1263	26	106.6	1	1	1	1	7	0	0	0	0
1264	29	112.6	3	0	1	0	5	0	0	0	0
1265	21	136	1	0	0	1	10	1	1	4	0
1266	20	231.3	1	0	0	1	6	0	0	0	0
1267	29	320.2	2	0	1	0	8	1	3	5	1
1268	35	519.3	2	1	1	1	10	1	1	2	1
1269	32	541.3	2	1	1	1	8	1	1	2	1
1270	40	165.9	6	0	1	0	8	1	3	9	1
1271	33	55.6	1	0	1	0	9	0	0	0	0
1272	28	105.7	4	0	0	1	6	0	0	0	0
1273	28	284.9	3	0	1	1	8	0	0	0	0
1274	32	351.4	5	1	0	1	8	0	0	0	1
